1 13572 14195 14287 164 8015 8378 364 10668 11852 1154 9290 10286 1176 1551 3521 3035 1778 2260 11752 2116 2626 8420 2847 7141 3173 7746 5970 6547 8086
1083 5719 11389 6009 6104 13317 2151 10208 11244 11687 4297 7836 8530 5022 6917 9698 11183 5757 7433 6306
5 14501 14679 14995 923 14520 963 999 1027 1324 1794 1902 2019 3694 4214 10623 4432 5292 6484 13416 6903 7563 7767 12495 8738 12737 10526 11777
6 3811 8783 10682 11977 4482 1057 3801 14301 1181 8416 12423 1368 2380 7512 1793 9840 12319 13578 1869 8375 2479 8210 8390 3102 3139 3252 5644 7152 4765 6740 8369 9582
7 12596 13355 14126 14810 5932 7058 11938 7842
9 13207 14250 285 10059 627 1435 2425 10117 3740 9890 5866 8175
11 14474 14570 14624 6067 613 12760 1730 10728 11229 12948 7546 1932 11630 12857 2004 6823 14201 2086 12746 2332 13013 9560 3291 3688 4817 10881 5375 9332 9960 10631 9209 6367 12198 6403 10712 7156 7223 7749 10383 10609 7812 8117 8213 8930 8532
14 3993 8620 10994 14779 433 2846 7640 8346 686 2094 10821 5556 4886 4644 8140 8405 8535 9971 5475 7140 9772 6612
15 11736 12664 13695 14138 4935 1907 10961 5530 12759 5679 5977 7112 10002 7894 10369 9123
17 6716 10887 12368 13294 194 339 8720 5422 9253 5432 6152
18 14613 14661 1606 7951 1733 11690 3174 2634 8435 3079 8519 3658 5906 7658 10114
22 1054 13183 14306 284 12375 10352 1374 10896 12271 2288 2414 3682 7575 8120 7035 5733 9904 6956 9943
12757 2282 800 6239 9838 14584 1259 10339 3604 2198 8094 9286 2477 8842 2939 7094 7693 4730 7085
28 11255 11994 12924 14925 273 11559 12038 1132 5174 4062 6874 5169 7179 7801
29 4050 14813 101 12433 13472 11464 1085 13032 13656 13991 8028 2207 14353 2208 2217 9802 2542 2651 11654 13628 3143 3240 8358 3488 13429 11976 5529 8065 11319 5582 7468 8516 8053 10939 8582 9315
30 13680 13934 14190 352 11122 6349 1280 11100 5400 11360 5402 10674 5817 9517 9104
11532 186 11865 12232 13365 882 4868 991 2354 3392 4371 4134 5649 6921
32 13021 13907 14391 14725 182 5066 13366 14600 14962 471 10848 11823 722 10139 14524 12262 1634 1796 12155 2269 2349 3293 11186 3641 4394 4862 13157 13896 6376 7037 6083 6181 7233 9644 9894 8066 8008 9189 8188 13789 10764 10900 11136
33 9740 12273 13351 701 6072 6780 1582 11512 12099 6273 8284 4464 12799 7313 6014 8415 9004 6102 6939 6488 10188
34 14540 14892 14982 14996 55 12272 1042 1825 2153 3345 3525 3946 4078 7810 5544 6926 8245 10537 9385 9915 10104
35 2909 14089 14401 9431 11919 13189 1747 12121 2284 7283 11414 2821 10276 13330 3093 7876 12372 3303 10026 10205 3422 8214 11561 3481 12534 5061 5335 6715 10393 8087 9615
37 1865 9191 10988 14755 12959 1185 12727 13742 7657 10094 2594 7915 4261 9525 12229 5891 6123 6833 9613 8281 7887
39 12288 13724 14866 628 13039 759 13197 13275 10766 2899 3107 4249 4520 5460 7199 7106 10925 9713
41 12333 13804 14363 814 1639 7251 1754 9481 4045 7855
42 12338 13861 14441 14576 706 1294 2078 2902 12340 5438 4211 8247 12162 9912
44 9300 9854 14841 349 1115 2085 6968 11711 9768 825 5326 11900 12180 12378 13128 1890 10651 5062 2359 6942 7956 8439 2732 12693 4463 3341 7509 4338 4349 10681 6915 6773 9855 5128 5217 9628 5762 8181 6371 9112
45 14565 14910 247 13046 489 11799 561 1192 9262 1278 12718 1446 2583 8040 3125 3519 10589 3710 11128 5233 5659 5989 7083 8623 9171
47 11000 11707 13990 14170 2273 250 2080 13766 9109 3277 3307 4279 10270 9604 5608 5701 10049 6213 10025 7577
49 14461 14533 1114 11848 2280 2024 12875 11402 4276 4820 9980 8157 9874 11541 9014 9501 9177
50 14035 14046 14835 209 11514 12018 1452 11300 1706 1982 3188 2105 3044 6801 2189 7948 2801 6248 3535 8742 4145 8608 8652 5287 8417 5886 5916 6227 7598 6427
52 14177 14848 10691 1037 12639 1906 12503 9967 2629 3434 12220 3700 9466 8753 4110 10488 5318 6035 9342 6928 10291 8111
53 13593 14530 14767 14935 11470 207 14079 355 10128 557 5148 13273 8920 1021 1064 12844 6412 14369 1530 12905 1964 1966 13492 14337 2607 4223 3376 8910 4551 7271 4973 5067 9205 5112 6093 6808 6897 8162 11450 7386 8818 10575
57 8847 9879 13107 14645 8249 510 4465 10662 12788 2420 11679 4263 4021 4046 11491 5789 4098 4125 4421 7469 9419 6466
59 10072 12695 13828 14786 451 12456 12914 748 9822 1267 7777 8190 2000 2037 3389 3820 7274 8891 7315 9085 9579
60 14103 14167 14875 14949 12293 670 14125 796 14119 12841 1568 1949 2070 2402 2825 3196 3360 11942 3586 3931 3983 4072 4615 14123 5370 8974 9679 12837 11418 13278
63 13439 13663 14688 9965 244 14081 643 12524 847 10458 894 6737 1062 3172 3337 10952 8136 3609 4079 4291 4392 5033 4838 6001 6051 9880 9715
65 13987 14014 14331 92 3067 1244 2561 3875 13625 4410 12858 5589 5915 7760 9937 8490 8544 10716 9250
68 7624 14266 14870 4207 117 11715 14235 162 6646 12647 10498 1150 11949 13911 1264 5809 11727 2087 6675 3892 10954 4832 5239 4990 5146 9650 5333 9589 5627 5655 5786 7524 7834 5815 10502 5872 6370 9381 7829
70 13992 14433 14802 14898 625 957 13186 12058 1258 5992 1708 1758 1979 3285 3322 3414 3770 7824 13163 11531 4804 5827 6305 6588 8177
183 5215 9181 9310 1141
71 11086 13422 13756 228 10533 554 8320 778 2468 5850 1229 1931 7910 8518 4129 8864 9827 6215 4872 6516 5256 6267
72 12783 13520 14323 217 12468 548 12371 2538 2882 10334 3778 9636 12635 4554 9131 9105 5749 8983 7270
73 13972 14247 14506 1373 10760 11137 12900 2445 13609 6423 4666 12268 6779 13024 8480 11406 9743 10171
74 9785 10281 11725 12632 1416 1598 10256 2083 2335 3623 4612 2770 2924 6685
14159 9135 12772 1139 14174 14956 3127 8463 14001 5077 5614 12282 6495 13066 7062 12154 7612 8128
76 13537 14595 14911 922 12419 1973 1893 3825 4786 5380 5463 7711 11631 11774 10133
77 11704 12544 1736 4461 1935 8987 4618 3091 3776
3949 78 13743 14419 14707 14826 10022 615 1412 14556 12381 14644 2957 8483 3872 4415 8138 5166 10089 5823 6081 6103 6820 6827 6907 9364 9149 10626 9241 10370 10523
79 8310 14203 14329 10071 655 10818 931 4688 2140 8614 2800 9071 12311 2983 5705 3939 11369 5717 4966 10647 11699 5944 6618 7698
81 10752 11982 12418 345 2669 1084 8755 9348 11666 1182 5344 2964 8606 9458 4167 4845 5227 5782 7893 6584 7053
13713 265 11614 14193 14436 476 10761 11898 705 7401 719 8347 1350 1791 10392 12937 14205 2249 11925 4438 2871 9183 2917 3034 12532 7239 3198 10191 10580 3774 3862 8631 6399 4130 4162 5267 4337 6280 4986 5592 6985 8430 7781
83 7226 8694 12348 14211 335 9319 9515 434 9592 9600 642 2719 4813 1391 4001 4977 4711 6234 6158 6300
84 14105 14596 14858 723 7688 1562 2074 9289 2514 2831 4585 11327 5298 7843 6136 8904 6193 6226 8770 7917
86 13025 14606 14716 104 6044 13910 379 11027 11905 13100 690 13967 974 12795 1253 9554 4892 4953 1783 10106 13288 1785 10629 11867 10315 2666 13497 3582 3832 6515 7731 4119 11417 5406 5372 12376 5687 6257 7506 6769 9821 8564 9058 7641 8118 8366 8761 8814 9545
88 10975 13741 13913 9923 455 475 12109 638 9922 743 11586 1134 10962 2008 9292 2552 3985 10346 5914 8108
89 9390 13237 13667 242 11120 13139 258 11344 906 9670 10372 2624 3928 6797 9440 5844 6106 8253 9892 10266
90 14946 14967 14983 134 13383 14902 747 11972 13521 1336 1110 1293 1383 10620 14365 1809 1845 13489 2204 9480 9468 2517 10882 13805 12741 3539 9148 4339 10121 4535 5413 5685 8526 11724 7157 7602 9938 10136 11351
91 6327 14097 14408 517 4537 10832 2367 11468 2663 3001 5513 10734 2685 11077 11293 7696 3005 3006 3835 9326 9175 4752 7501 9953 8552
14347 96 13895 14043 407 10686 12607 768 783 1430 5852 2475 9266 9415 3069 3194 4064 5384 9222 5871 10584 5950 6991 7809
12435 1820 13894 9388 4634 8372 11302 11522 4975 7448 11696 6122 10703 6237 7010 8505 10153
14821 93 11130 11869 14960 291 13933 14648 11642 563 11534 962 5302 13491 990 14219 992 12118 14812 12199 1327 10807 10290 1963 10075 2046 6326 2099 2674 2178 6125 10483 6246 7747 10744 3405 3651 4154 3977 7321 4191 12135 4522 11256 5800 7561 6198 6408 13505 6728 7888 7368 7617 9909 10093 12017 7942
14073 713 4668 10156 827 1726 10769 1238 7281 8740 9399 2694 2267 2604 8976 9941
95 2752 4605 14687 14752 13529 1670 4530 7020 8718
97 10103 10731 12219 13146 147 8083 9082 230 11754 11916 3019 7429 7929 9949
14312 14527 110 7084 8871 920 10877 3714 2034 14603 8412 4258 7446 4309 13263 7787 5635 6085 6347 6918 7005 8031 11759
107 11452 11603 14981 540 11148 7868 1284 2113 9072 2472 6077
108 13594 13983 14614 13780 663 13576 8897 2104 2108 2461 9421 9195 3570 10095 4196 9564 12481 4516 9006 11868 4594 5040 5587 5781 5975
109 11639 13005 13812 649 3918 12300 1040 1068 7850 1741 5059 8593 4396 7761 6091 6498
111 13739 14198 14239 14599 12809 711 1505 1646 1939 2143 2254 2505 12976 4876 2786 5833 3748 4636 5660 12299 6321 7852 8424 11555
114 8762 13378 14243 1109 14166 14936 6460 14230 1542 10295 1916 1976 12562 13089 2450 8290 12240 3453 10455 3761 9690 3958 4049 4731 6958 4780 6385 6314 5047 11762 5154 5346 8825 10733 5834 6265 6381 10016 6540 7962
115 12504 13876 14827 144 14026 229 9378 13720 585 2275 10673 2988 7757 3062 3153 3407 7032 12239 3702 4206 10467 4951 5483 9261 8875 7734 9350
11231 2003 11844 11863 11981 12671 2395 11477 13298 7177 2807 3381 9839 5771 11147 6501 9279
116 8248 10708 14058 252 1595 3244 4812
13721 3446 12530 3735 5811 12551
13494 121 14039 14373 14549 6990 1197 14000 2110 10852 2804 2852 4405 8619 4930 11513 5639 12706 8072 11024
122 8355 10042 13453 497 11196 1312 1934 6599 7489 9308 5430 7159 8339 5647 6504 9170
126 7320 10053 13845 14862 281 5512 11394 11487 606 6794 758 8754 8815 12101 892 11849 1272 1571 9884 2443 2379 10405 11340 2721 3410 3976 8197 10884 4590 4811 5792 6041 7950
12084 795 11518 13093 961 12622 12794 1314 11928 2296 2695 11651 2997 6957 8592 8379 8750
129 13948 14216 14640 11918 996 14502 1033 13826 1099 10545 2382 14062 14071 2581 2844 10598 13516 4792 7194 11791 6094 6220 10493 7026 9018 7146 8680 7173 9140 7235 7289 7298 10326
130 12440 14021 14175 14536 11926 4680 2214 6135 2969 7045 5479 5949 6396 11473 8739 9978
12970 11853 2623 8507 2215 13205 2220 7452 3393 12747 3513 8715 3845 10267 4402 8776 4532 4829 5280 6961 8868 6157 7383
137 9742 12911 14169 14473 1019 12653 14135 1079 13421 2173 2205 12437 4756 3695 4413 5951 4495 13408 4619 9764 5885 11560 6936 7068 8232 9373
140 5579 7472 13256 6626 2703 6499 6138 3536 6480 9549 7774 10607
143 12471 13394 14713 959 11730 1380 9118 6912 6087 2182 2816 7713 7717 3631 8734 4153 10223 4948 6164
14765 145 12625 14036 14518 4404 12792 2615 2837 2894 3087 3400 10175 6419 7221 10837 7792 9019 10422
5254 148 12972 14332 14829 14539 302 13905 14998 416 14522 452 9064 609 623 10506 12543 3759 8318 5633 1028 11484 1205 12782 1518 1684 8400 3471 3573 4029 6654 4803 5016 5133 5324 10550 5533 10029 6824 7064 8127 10519 8479 9963 10244
151 9482 10854 14139 14804 4954 1569 7499 2905 10479 12835 3678 4202 10378 4821 5769 5976 7078
6036 155 13685 14734 14775 11029 965 1180 12946 2747 3508 3794 4496 12124 9008 8644 11433 10966
158 4083 12283 14597 495 11471 11778 640 12120 12476 6772 950 7292 1405 5365 11247 11213 2687 2850 11116 6517 6223 6526 6603 8607
163 14437 14825 14847 191 9703 13775 259 14653 624 13399 1065 12207 12460 1098 7968 10780 11428 1378 10185 10941 2247 7097 2398 4735 12902 4631 3022 11587 4487 3890 4387 10316 4690 12010 5025 5340 10158 11392 5352 6281 10839 7773 9490 8517
166 11235 13002 14940 292 13514 14010 440 2290 7282 11709 1743 5096 5268 10991 12325 1988 4766 9363 11057 2015 3076 9601 2041 12287 10303 2378 3089 7744 3505 10340 3529 7815 3871 8521 3899 5605 4655 8129 11178 7301 12261 5104 6905 6064 6774 7779 7838 8482
171 7374 8060 9169
13644 883 11383 12091 13436 904 3830 13737 954 13885 1740 11576 13185 2196 11443 2351 2518 3144 5127 4964 5693 6843 6647 6174 10560 6473 6834 7961 8393
174 11309 14544 14961 187 4099 314 2442 5027 9562 14905 13793 846 13246 1558 12404 1594 2350 4358 12623 2389 2415 11135 2429 2627 8626 12123 2446 5586 9256 2686 12497 3170 3733 7725 11610 3883 6352 9813 4451 5073 5132 7650 9211 8604 6006 6073 9972 6447 9718
175 14033 14134 14422 8164 7859 1735 2412 2781 10307 13250 3657 4055 13267 5464 10924 7909 9224 11046
180 12472 13432 14669 14732 1144 1499 2014 2578 3549 10466 5987 6723 10311 7402 10330
181 8337 12170 13946 14904 12308 1066 10510 13875 1118 6623 1172 1477 13588 10356 12569 1777 2914 2968 3479 9634 3537 3936 5126 8863 9989 10587 9513 10343
184 14315 14494 14498 11588 1656 13488 4683 10021 5940 6402 13159 7210 8317 7835 8308
185 4956 11741 14588 8584 697 8335 11232 946 13217 14390 8495 1077 1080 10528 1513 11010 1951 8429 2937 5791 3238 3547 3579 3813 10230 8437 10258 8501
188 10654 13412 14140 14241 12605 1679 13716 8446 1926 13923 2730 10437 3256 11602 3430 12449 3739 10928 3866 8693 4552 4985 5870 7193 6387 7019 10823
190 13597 14497 14630 197 12071 7820 1092 13420 8766 2884 4726 11220 5425 12074 7551 6901 6927 12652 7403 10942
13541 4445 8678 11226 14051 5810
192 14737 14868 354 11583 637 14477 11176 2023 2512 9734 2565 2928 3032 7328 5534 9849 3538 3896 11910 12382 4437 11564 6190 10196 7047 11206 7496
199 8722 11969 12961 13297 669 8381 969 11424 12405 1586 3227 4184 3385 4208 3638 5317 4924 9043 10765 9418 6933 8413 8462
2210 136 13310 13435 13915 14864 200 10872 11549 14989 13770 351 13116 9682 4060 9651 822 12767 1546 10108 1665 10746 2407 2292 12643 12004 3429 3416 3424 8655 3464 11013 3654 3852 6428 7631 3926 4019 4059 10934 4259 6161 9079 7284 7379 11006 9857 8570 9528
201 4959 8234 14162 9860 1570 6196 11544 12160 2061 2715 5830 2490 11182 3903 5199 4393 4576 6482 7217
202 13936 14417 14818 614 633 7052 6826 5115 2827 4417 4696 11407 12227 5366 9870 6261 8714 11655 7527 7610 9886 9868
205 12021 14016 14947 384 13345 528 1015 10590 1757 12217 12410 1812 10672 2688 9808 2751 3028 4058 10557 10525 4882 5149 9154 5898 7015 8928 10895
206 5178 10011 14704 1100 2671 7648 2670 1218 4489 10236 1276 10634 6380 3338 8717 12379 4894 7953 5783 6684
167 9823 13150 14187 213 13750 14044 13787 6617 832 12824 13114 1044 7291 12264 13919 5251 2293 2345 9647 2756 6330 3039 12359 13754 3635 12253 3784 4077 11593 4827 10997 5528 5543 7354 5921 6522 6804 7190 7628 7656
14842 4708 752 8855 11478 937 8700 1224 3347 7340 1241 10319 2048 2328 4638 8434 2600 8650 3752 4266 7382
214 10189 13103 13552 387 1702 8404 14920 422 10269 535 3523 11372 7188 1306 4772 10642 3675 12172 11884 2658 10019 2709 6766 2778 2923 3271 9296 6059 7554 12290 5014 10715 5472 5812 6919 9495 10056 6889 7286
218 14163 14206 14643 621 12742 1953 4056 3630 6058 4139 4441 9696 5570 12506 6554 6951 8179 11807 12034
221 1920 9053 10380 1128 3121 4036 5075 4745
222 9919 10866 11446 5698 6934 4397 7709
223 9274 11195 14069 14499 362 3718
10806 1220 3470 3751 12216 3634 8879 11076 11653 8730 9757 4018 6033 6549 10736
227 13062 13457 14797 673 11702 13584 1621 2193 11144 2371 3793 2845 4515 11526 4734 6212 5564 6250 7080 8542
231 12509 13598 13673 3216 989 12110 1257 12428 1512 6891 10445 5106 8237 6492 11753 6775 9297
232 13010 13791 14309 233 9861 13862 14629 241 13502 10542 9803 1020 11959 13523 1580 11601 10743 3497 9767 13717 3540 3707 3895 4459 5957 8810 6069 6459 6611 6946 7880
234 13003 14335 264 11153 914 1521 1860 1955 4603 2397
236 14238 14509 14638 10776 1770 14232 2232 8046 3124 4076 4161 4188 5509 12811 6575 13880 6586 6964 8540 13484 11337 9301 9598
238 13872 14013 14729 1816 2033 11906 3399 3763 12804 4251 6050 12457 9336 11341 9467
240 10690 12964 14041 707 12725 2954 11409 12650 9948 4788 11320 5415 5466 11904 6397 9444
243 10377 13839 14486 577 7144 685 10926 881 10411 11348 1647 9081 12187 2515 2641 10867 2833 3762 7629 4617 4807 10320 10722 5036 7486
8 13674 13986 14622 25 12498 5826 246 10210 14349 5863 782 11457 7674 1235 10858 1402 1543 9410 1950 9096 3855 6681 6704 4800 13069 5258 11111 6375 8583 6452 8573
1763 8107 10092
249 14617 14944 550 14007 924 14037 14310 9917 1210 11243 13814 6221 1387 12594 1986 12063 1995 2560 3938 12626 11113 6110 7494 7511 7676 12388 8585 8663 9951 10035
251 10907 13798 4086 9934
8852 253 12638 13324 13784 11606 790 12855 12918 6293 2755 3327 3738 5029 11472 6943 8329 9057 10018
257 13626 14078 14338 589 774 13863 1480 1550 1675 3013 3101 10400 4764 4897 7652 5760 7583 11380 12932 8370
261 12996 13759 13802 276 13884 11577 1006 12581 1535 2285 2972 3023 4302 5044 5241 5347 8389 11198 9476 10331
11342 1248 6238 12421 1727 2115 8000 3495
6538 11248 11769 8004
268 13257 14356 14754 10237 12577 997 6989 8923 1292 12201 3674 3509 3924 9025 11921 8309 8625 8765 9340 9766
269 10612 13124 13585 8648 11720 1662 13922 1784 9587 2857 6369 3010 3980 11072 4232 10494 5084 6303 8292 9893
611 270 10439 12344 12862 14218 425 10371 11492 3302 2206 13466 2225 7710 3004 3047 9283 10875 3164 11667 11066 4336 5056 9936 5286 8707
11672 271 14200 14903 14965 1087 14686 14194 1385 6049 1448 12674 4163 2744 11578 3122 3545 13473 3998 4325 4470 14184 9083 7785 7916 8134 13088 10627 9881
272 447 10265 12573 4996 1688
14889 9676 1094 6770 10176 2097 11510 11749 3301 4649 10745 5997 3996 9150 4452 5770 9322 9305
11550 277 14383 14598 14612 14700 457 13540 14836 721 5734 13253 1508 12008 7142 5157 2158 2478 7662 3048 3672 13254 4092 11275 4287 4802 5913 5244 8504 9900 5285 12940 11988 10257 9990 7530 8692 10658 11506 11947
173 10614 13097 14991 278 12343 13231 13380 815 9672 1322 9442 7364 3324 9352 4067 4409 4548 5948 10801 6377 6767 11223 7867 8633
280 14096 14859 8946 1584 9433 14018 1972 12434 10501 5676 4043 10396 11882 5253 12575 11570 5947 10349 10869 10964 12337 8997
282 9128 12620 13047 13975 542 11705 3113 9546 1564 1838 7619 2244 9502 3423 6131 4175 9162 5668 6186
8768 9272 283 12687 13632 14670 7302 9901 1839 11952 1842 10297 11732 1958 10913 2564 3191 3239 12887 3787 9726 5680 6296 8438
11729 286 14367 14511 618 13033 7525 1490 13596 1792 2028 2124 11238 2357 4181 9475 4288 9852 5999 10921 6443 8698 7562 8260
287 13175 13208 14680 328 8231 9359 9930 12401 586 11652 14185 8578 7464 4198 2079 5226 2502 4940 12648 2768 7459 10146 11903 2898 6635 3000 6345 3309 8824 12279 3615 8079 12247 4412 11861 10817 5341 5630 6116 6470 6841 7318 7461 11269
12908 288 14045 14478 14675 361 12716 14664 9457 13381 7195 1393 7535 11891 7944 11158 12916 9202 14176 9622 2386 2434 4006 12431 13883 4630 4918 12637 13914 13744 5446 5747 5972 6147 8359 6754 13277 7814 10684 11616
293 10522 12131 14293 399 9787 10495 479 10888 2511 10159 3136 3557 8464 3588 10675 8032 8836 8991
7033 8936 294 10216 11515 13356 7455 567 1879 5654 816 11763 1075 2698 4859 4108 2965 4671 4057 9068 5117 7912
15000 750 12684 13151 11579 3466 4499 7358 11436 8531
219 9002 9166 13898 297 12928 13902 591 4300 11611 1940 12222 2316 5074 11886 5309 6017 10635 7201 9204 7203
298 11322 12812 13566 1329 8411 1657 10959 1875 11721 5566 12263 5936 7964 8449 8598
299 9957 11497 14856 482 797 9411 10819 845 10443 14004 1162 9231 2309 2334 2588 5006 8469 3045 3418 6850 8949 3975 8354 12245 4391 4875 6500
300 8803 13738 14411 404 11605 776 12195 1609 13249 13318 1689 2256 7715 2529 8563 5905 6803 7827 9063
12827 306 13582 431 13018 600 12211 10447 5474 10936 2513 12793 4185 4684 6176 6207 6953
309 7222 7594 12171 14465 463 11585 13440 7229 698 4738 5995 8859 718 11055 12525 13888 11253 2418 1002 1051 8834 7999 1221 1463 6888 1578 12116 1696 9452 1815 5247 2123 2480 2866 5308 4744 6509 8183 10032 10151 8603 5651 11382 6241
310 12215 12276 13004 654 9087 11766 1123 4563 6084 12218 2632 3401 9139 6503 9174 4637 4893 8522 6457 7414 6468 7044
120 14421 14945 312 12331 13920 11260 1286 12512 3112 2438 13690 8749 4224 4579 5601 5856 6742 6806 6908 11575 9395 10663
2862 313 13771 14552 14928 897 1495 12205 6096 6536 2305 10418 4729 9143 5164 6225 9985 9441 10232
321 11914 12585 5281 821 7707 3162 6590 8622 5684 9113
325 12750 14466 14839 918 11265 7394 7416 10459 9492
8265 326 13192 14587 435 10245 11934 496 671 9055 12756 1061 7870 1488 8643 9782 9088 13058 4652 8239 10086 6530 7373 8226 7427 9504
12983 318 4549 11540 12269 13515 13361 1341 10864 1353 4656 6551 7601 2307 7966 8675 6569 3904 5590 8133 4785 5703 11920 5745 6134
10127 330 11999 12374 13834 588 1615 9259 14132 9729 11363 779 7782 8425 9535 11242 11062 831 13176 13869 833 2278 10444 14027 855 4330 9257 10112 11282 7264 1759 2451 4190 2411 11159 5576 2455 3878 2774 5946 9835 3200 14221 3336 5814 4606 5000 5790 5899 8161 11826 8058
332 11336 12805 13701 438 10314 10865 543 3145 3605 10036 13329 1031 1038 1632 3232 8895 3317 7608 3705 4147 4623 7125 8251 8942
14914 14574 1295 1750 13177 13636 14137 1591 7272 12733 14424 2030 14722 2050 12384 12587 2161 9455 11021 12393 2682 9783 11819 3242 3274 11608 13418 3361 3574 6242 3930 12069 5083 5431 5666 5234 9344 9751 5454 7241 9518 5934 6533 6481 7877 7087 8085 7471 8737
336 8010 8653 9736 13954 1000 1323 9115 2713 10251 1660 9435 2027 3680 7243 9987 12829 2103 2580 3764 5151 7536 5926 8097 6302 6881
128 5003 11768 14317 177 12076 13165 14156 14416 225 340 4124 13279 9494 1097 1520 10789 12823 1776 12256 11023 3110 9080 3192 4374 3503 3806 13338 8099 4220 5794 9220 4273 9976 11065 4306 9553 11508 4601 6282 5469 5744 9346 8233 11660 6448 6572 11761 8546
12444 12981 817 1579 12519 919 12870 6980 1698 8690 12156 2016 9215 2352 2809 6661 2878 3491 8077 5667
13583 7544 688 12802 13722 14131 1177 12463 14763 1225 12151 12822 14650 13679 1623 1752 13752 13950 14843 4743 2226 4871 8322 3384 5638 10582 3598 11792 3639 12701 3906 5032 3925 11368 4368 4486 4524 12709 13049 7837 5161 6825 5780 5965 6400 6573 7234 7436 9955
346 14104 14438 14561 442 13375 10897 1076 1130 12615 2646 12159 3168 3253 3853 4407 13023 12629 7102 7879 12920
348 7991 10354 12181 1332 1407 9443 2757 7025 3123
353 9100 12853 14747 412 885 569 4657 940 1419 5291 2953 4354 8489
11175 6079 14771 839 13130 14634 3614 1070 3208 9210 11619 5034 2029 9765 10915 12478 9039 2268 7853 9005 12289 2907 8093 11185 4529 6095 12753 12306 3876 10219 10074 4385 4702 4840 5071 4909 4992 10543 6090 6585 7122
356 13248 13438 13543 14529 7170 13449 6165 2159 7907 2166 11225 4667 3279 12579 10482 5912 9777 6564 9596 8187 10774 8279 8785
13305 2223 11476 11594 2696 8796 9612 12465 2934 4041 7466 10757 4425 9806 11772 4570 6976 9530
5225 358 9719 13989 14894 12073 389 13803 14578 514 14715 766 13510 11746 4069 1199 12286 8397 1968 5520 11456 2456 2773 13849 2830 3269 12078 5708 8840 11103 13426 4246 8011 5371 5401 10973 9863 7564 7704 8423 8561 8706 9620
360 9652 11296 13918 14286 3224 2547 2888 13241 10847 4546 10322 4944 10558 5142 9731 7120 10138 8719
14418 365 13931 14917 9156 14730 13841 13651 6424 1431 14601 1451 12415 12816 2138 1749 1877 3722 5895 7957 2271 13057 14280 2872 3677 8984 3704 7992 4132 9500 5007 4689 8047 11553 10933 11447 5162 8549 6444 7786 11843 7039 8264 7714 7965 8167 9186 8712 9133 9212
367 14084 14405 14659 13858 11739 5988 2463 2661 3819 14005 4222 7442 5038 5403 6854 9935 12142 9347 12398 13753
369 12537 13926 14525 12469 3648 4035
376 10753 12883 14414 536 12991 13147 11701 1111 14448 1122 11498 1856 13818 13958 1941 11215 2073 2229 6658 12080 5186 3476 8419 3954 10987 13282 5095 4140 5163 6340 11036 8126 9400 8676 10259
75 11335 11871 13932 14535 13801 195 8634 13710 14038 500 10174 12683 5057 757 10041 870 12755 1344 11019 1649 1695 12516 2038 2587 2794 2942 4113 7458 4244 4511 4653 4945 5423 5484 8012 9341
381 13360 13846 14937 14012 1358 14202 1471 2076 13404 13660 3030 8993 12957 4197 13980 4360 9445 6013 9848 6426 7246 7639 7930 8510 10737 10977
383 2822 10660 14268 8896 1484 11011 12019 3374 9017 9126 4204 6648 10404 4908 7441 10720 5389 7822 10883 8903
385 12993 13230 13589 14468 10833 6295 836 10947 14295 967 10197 4103 9889 12694 4842 4757 12514 12326 5329 11822 5828 10871 5846 8050 11114 9465 8278 8524 8870 9321
21 739 2312 13877 290 5575 6476 386 4317 3426
390 8846 11208 14277 2464 9832 14149 2642 7642 11112 12953 2873 7947 3431 7490 5035 10144 5328 6414 5588 10361 5974 6619 9084 7481 8154
1900 13513 391 1866 12780 12930 3359 10650 12898 9756 2127 10118 3437 4629 4015 9153 9469 9996 11800 5100 6191 9732 9939
394 12077 13000 14974 4203 12803 2002 1156 12994 11645 12103 2422 2458 3281 4164 6735 6950 6092 6705 7148 9270
13228 11897 396 6574 11281 584 6335 11031 11082 635 8745 12114 1406 2157 12090 1455 3749 10574 2149 12254 4698 4914 9246
323 12890 14127 14237 359 11770 370 9662 13199 14358 401 11444 10777 2433 2495 2665 7919 2759 4458 12285 9144 9847 11780 6020 11358 8779 7259 10310 8334 9394
7495 403 14371 14384 8089 4095 7460 13865 7205
113 14262 14318 14878 13867 406 2895 13506 14316 417 11908 14388 634 5416 12424 780 911 12112 917 13227 1009 9788 1067 13698 2373 5825 2606 11911 2775 2892 3008 12408 12997 3663 6818 4531 7716 7089 4633 9747 5362 5662 6309 6916 7932 10238 7921 7643 8673
178 10870 13006 13223 13639 408 10520 11556 1026 6788 1573 7982 8380 11169 2327 3379 3884 5920 4314 4558 9486 4706
414 13824 14226 14667 1808 13788 1970 2148 9110 7174 12578 7945 8447
133 494 11612 14626 9353 14728 9801 14863 10718 1371 12588 13170 1404 9453 11108 11703 1421 9970 2036 10416 11276 2436 3584 12791 3015 3500 13496 5304 9230 5486 5626 9425 6202 7954 8797 9412 10509
9800 610 5134 6712 12033 872 2406 1904 3331 8970 7307
14900 420 12147 14546 14714 14942 576 13745 717 11983 12702 850 11016 2170 10655 12089 2230 14823 2499 13001 12213 7504 10255 3507 11315 4416 12094 12122 4854 5002 13080 10544 9771 6275 6368 11310 8784 12314 7491 10588 9213 8123 8124 9898
429 14028 14361 3955 1175 9127 10599 1957 10666 2620 6784 8654 5182 4676 7456 7800 4936 6981 4939 5777 6139
430 13657 14594 14876 14555 1537 11873 10321 11334 6289 3369 3767 11371 4172 4523 4934 9049 5517 11048 5383 10986 5877 9383 5889 12488 6348 6464 8581 6567 8275
432 11042 12566 12939 1058 8851 1310 4159 6899 7819 4201 8937
14080 94 13900 14124 14150 14151 436 3195 8610 12397 8203 605 5458 12196 689 14017 985 9505 986 13719 1239 4920 1588 2258 9681 13260 2597 8298 11157 2631 2783 2802 2810 2979 3661 4280 7567 4577 9459 5242 9675 10984 10182 8588
444 14397 14623 14988 13115 725 13135 1189 1325 13924 2163 3382 12305 11827 3211 4351 3286 7793 3754 11738 13304 3900 4478 8813 4584 5704 6967 5766 10299 7007 7166 9646 7462 9908
448 14572 14787 5361 3296 8512 7242 9749 5462 9626 8440
58 12904 13562 13836 260 13291 450 12450 492 1810 12406 5060 5088 10358 7352 8455 11061 9304
454 9329 10548 14646 546 7088 11650 4621 11517 4961 5519 6366 8338 6781 7794
14654 730 10359 12929 910 4369 1498 8862 1983 2711 3465 8169 6582
456 12925 13726 14289 518 10374 10421 1426 9684 12015 13808 13866 1927 12294 12673 3432 4565 4616 10337 5203 8957 5313 7099 5702 10194 8566 7552 11889 8171 9725
14990 13937 458 14672 641 11214 1063 14402 1631 14020 2203 10795 3494 4233 13444 12808 6339 5907 6535 6449 7398 9557 8611 11659 10211 10860 11634
11167 460 9023 12915 13830 14382 859 1249 13079 1400 1553 3808 11516 7558 8458 5202 5593 7858 6877 8687 8222
43 13319 14115 14423 13397 372 5507 461 14180 626 4476 11459 880 1152 1765 11092 5758 9897 6344 8919 10471 11015 9199 8958 10058 9609
66 3155 5772 13735 14118 237 7079 464 12949 473 648 12035 10124 6778 2771 10698 2901 9540 5471 10791 8820
465 11500 14484 14514 2856 12200 3073 10811 7670 3660 10710 3713 4611 5540 6469 8236 8387 6657
467 8367 11496 13757 14273 1166 12745 1600 12191 2009 9981 2152 10414 2536 4286 5098 5312 6887
469 1611 3798 11978 8867 1981 9918 7096 4345 7938 8548 5706
13087 262 10894 10995 14562 373 13637 14442 14971 888 10944 11685 13437 10115 1699 5378 2122 5602 6338 2785 7520 8300 13210 3428 3150 3246 11899 3319 9694 4420 12026 3592 12052 7926 3723 3988 7618 8857 4566 12744 4794 4885 11003 5024 5259 8577 9728 8069 6790 7660
85 9637 12971 13478 14957 13707 347 1337 11460 14447 445 14116 14879 472 13320 12430 5076 13452 1010 11416 11698 1252 1497 1355 7278 1469 10937 7245 1638 7362 1863 10518 10968 4713 2424 2638 8884 3085 3310 4227 4284 4340 7987 4384 6061 4672 6955 8689 5122 5212 5952 9488 7807 8229 8835 10014 9089
483 11451 12787 14272 1297 5959 5580 9483 7614
371 13511 14482 14850 484 13749 14490 578 13732 1209 1801 13272 1942 10540 2675 12383 2971 3934 11941 13396 4704 6857 12416 4889 7431 12176 5821 11263 6798 7739 10201 8927 11558
13443 485 3613 14413 503 9642 11330 14154 915 2134 936 11012 14693 1035 2018 2534 7051 1467 10905 14056 1544 1592 2678 2926 11432 1641 13138 1764 13194 10007 2112 4943 2197 8384 11101 2625 2668 5619 3051 3306 3448 8204 12482 4581 7296 9454 7107 5205 6697 6847
98 7970 13471 14860 486 11706 13238 8580 2098 12208 3603 4281 10843 5387 5487 7100 7522 10803 6971 8602
487 13959 14385 13259 1126 8536 1390 12611 1527 3106 9436 3667 3775 6318 11395 9273 9702 9895
490 13129 14231 14307 667 10804 11573 13731 1287 5573 11589 9046 3043 13333 3103 3746 9024 4661 4762 6194 9282 5563 10473 10481 5746 7086 7334
491 6974 9040 14196 515 12470 712 9318 9376 798 3642 1715 8101 1771 8282 9906
499 11356 11400 14592 14932 11097 10100 1908 11267 2202 11520 12582 3270 3417 11401 3421 4761 10119 6760 6945 10050 9866
501 12896 12954 13078 10755 12362 2423 2539 12513 2743 3031 10097 10293 3175 8741 3608 8967 5419 5437 7116 8178
6561 13522 1352 14873 2263 5424 13050 7377 2989 13222 3589 3709 10143 5799 11357 6438 11599 6472 7940 7389
11145 1034 7503 10199 13016 1345 6616 10078 1372 11039 4400 5918
875 14770 504 11434 14111 765 14467 873 11390 13953 7115 4334 7363 8261 2160 11980 3708 13580 3719 13342 4308 11813 13190 6718 4479 7721 5246 5468 8155 8808 5960 7137 11846 10111 7644 13195 7445 9327 7768 8775
5145 506 14395 14415 14711 604 12715 764 1697 14199 4165 2283 3320 10285 5041 10751 7027 10593
8679 507 10850 13316 14793 647 7753 8807 13264 6960 1331 8664 1475 12079 10687 5054 3555 3595 6279 12212 6180 4218 8227 10200 11070 4767 5289 6446 7413 9358 10379 5116 5979 6832 10797 10958 7995 5541 7385 10328 6143 8192 9200 6532 8627 9509
13126 512 3799 12944 13446 562 878 3435 8729 9285 3472 5064 6114 4380 5616 8929 8081 8377
169 9225 11059 12028 13167 12854 8122 587 10735 13559 1357 6894 9864 13091 12230 2013 11278 2259 12361 12409 2376 2702 3146 5051 7902 5330 5353 6200 8601 9964
11173 198 11168 14082 14547 9129 520 1107 11622 12206 14814 620 13881 10341 7204 11139 1120 9320 10409 1190 9067 1204 8525 1642 10344 5691 3812 8649 10190 4295 6885 4725 5629 10830 4962 8302 11068 11632 5183 5418 10110 5578 6301 5968 8331 9566 10020 9773
40 7348 9588 10960 525 9786 10788 842 9489 2966 3250 3530
526 7622 10963 14160 1014 5860 1215 10826 12143 2784 6430 2952 10898 2991 3105 4718 6544 3514 8422 6802
529 14691 14838 583 14409 612 812 853 13678 1112 13994 1347 14215 13669 2062 9568 4010 12517 13142 10365 11362 6505 13026 7508 9258 10586 8485 8534 9691 11597
530 9010 12634 14742 708 11393 1367 11767 1575 5082 1644 4884 1819 8697 1912 1937 9499 9911 1945 5664 2095 10203 2522 3100 7881 4150 5482 5765
534 12571 13243 14837 653 12966 13734 13119 1270 2936 3415 3467 11379 7607 11026 7103 7124 7338 10082 8025
537 12241 12660 13030 14431 829 2291 2947 4074 4282 4509 5917 7540
102 11442 11832 12386 12477 545 12014 12771 777 4810 12815 1707 11830 2717 3492 4192 7303 8311 7130 7493
13271 1674 12978 14434 2829 6146 3726 7350 4947 5925
551 13184 13705 14068 14890 1117 2541 3744 5888 11455 6304 11397 6855 12059 6868 7224 11545 9819 9724
1279 11479 552 12969 13358 13373 2718 11038 5878 9252 5962 6643 6160 9151 6601 6707 7866
255 4048 12832 13125 10012 12185 788 10644 10727 10329 1124 10965 13108 13554 12866 1246 8979 5221 1516 1625 9902 1843 1803 2742 5420 3357 7339 13094 3697 12447 4687 8068 5901 6272 6846 10045 8960
568 5170 12665
6641 570 13965 14582 14720 4267 13567 4411 11979 8160 6748 12265 11234
571 13763 14439 14633 681 13746 9369 3266 4372 13430 4542 10563 5536 6039 9303 6812 9876 7833 8856 9730 11808 11105 10945
574 11063 14593 14676 632 6336 10508 10271 970 13450 1288 12927 2130 2135 4403 3398 13027 3599 11817 3717 8326 4012 4151 10592 4177 4250 4485 6245 7164
575 12956 14251 14660 10397 6011 9669 6355 9437
581 4685 13647 13809 1395 10363 2141 10742 3243 6836 3652 9117 3952 4301 7694 6262 6485
10217 14569 696 13988 14368 7308 12197 11985 2780 8850 2960 13106 5208 13842 3867 4431 4604 4746 5124 10213 11784 6944 6996 7417 9460
582 9044 11786 14504 953 9720 10385 2648 10076 2727 10775 3042 9009 4364 8537 9962 5336 5725
590 12297 12411 2049 2303 3169 8873 4903 7752 6140 7042
14050 1196 3986 8901 1593 5090 11680 1681 10154 2195 2428 4506 6895 4559 5838 5322
6570 592 11151 13392 1817 8574 2462 3445 7129
11132 593 14330 14796 14852 944 13714 1379 2419 13485 11482 4265 4468 12860 6630 5467 12087 5880 9954 6450 13645 7365 9699 9163 11742 9875 10204
23 7681 13110 14893 14930 5049 10846 468 13549 556 14918 595 3452 8632 4847 1191 8038 13561 1429 1517 1449 13851 1506 3368 10970 2364 2767 3280 8048 8953 5713 7878 3487 3997 5969 8056 4094 8830 4891 5012 9035 6168 7009 6528 7349 9968
602 1511 5729 11080 11795 3378 2540 2896 4122
14615 608 12630 13870 14320 677 11338 14076 1096 12250 5139 1539 2586 2906 3259 4037 4398 11856 5235 6713 7384 9098 11227 7732 9361 10767
12979 617 13031 14580 14881 1078 1999 2813 7539 5260 5646 10305 10389 7958 10164
509 13054 13181 13374 630 9278 10426 13949 1105 7556 1618 2145 8665 6076 3616 9580 4065 4068 4186 11523 11052 5189 5193 11245 5249 6307
12667 631 8166 12763 14699 710 11486 11740 3189 1837 7872 7046 3737 9185 9627 3841 5018 7369 6478 9531 7723 8362
12499 1700 13402 650 4256 13155 13852 14694 1285 13786 13339 2264 11956 2172 2789 12210 10073 6188 13624 4303 6119 11200 4900 5690 6872 6592 6668 10401 6835 6970 8407 10261 10699
651 9508 11887 14912 1375 11502 3364 11734 3543 8376 5265 8003 9695 6442 8408
658 14708 14776 14887 9810 1330 1596 14410 12350 4664 5105 6789 14248 7616 13462 9931 11562 9216 12360 9958 10038
14723 661 8296 13441 13581 3142 12233 7751 10064 6057 9921 6433 11992 11154 7549 7789 8804 8433
14245 10886 672 12950 13168 13797 13312 7908 13649 11002 10288 10862 4054 12758 13011 5348 5542 5990 6418 11324 6679 11509 6710 9448 10814 9101
13619 14340 680 11045 14865 14888 1290 14294 14724 14769 10669 10665 2298 10723 12576 2432 12480 2726 9744 13266 14350 11790 3060 6687 3636 10800 3765 12536 14781 5841 4846 8034 10431 6614 5718 10919 8999 9226 10384 6493 6695 6941 9959 9735 8353 10368 8520 8681 9291 10427 9555
684 13233 13348 14718 736 1836 10263 3184 10347
691 8613 12167 12377 1959 10786 3027 8638 3413 11695 4009 10120 4104 9607
193 2056 12390 14510 694 13612 14129 791 11804 6120 1369 1847 1933 2996 5805
695 6756 8645 10664 11440 3095 3665 5500
699 7553 10090 12798 13409 12132 1275 4610 7588 1509 6724 1787 5490 4061 10636 6656 7004
704 12886 13764 13835 1476 13640 5405 11098 3177 11551 13040 12270 4818 8798 9114 4863 10874 5087 5359 6291 7254 11794 7476
14972 714 7003 12779 6519 1494 13148 13198 2026 4572 3016 5141 4195 6521 7901 11993 4502 10227 4660 6861 4573 8146 7370 6935 5689 6151 6580 7720 7345
558 10656 13976 14136 720 10910 11035 952 4307 1303 10037 1616 2366 8328 3328 7231 3496 11731 4720 5600 8119 5793
10625 728 13891 14179 14710 909 9022 1187 11809 1339 1563 2383 6222 10247 11303 7319 10135 7882 10943 8943 10132
141 12850 13981 14733 14758 731 14034 14581 769 8286 1060 12895 12967 7081 11217 14186 2699 14757 9807 3130 3961 12985 12913 4066 12029 4209 11089 4519 10308 11258 6678 4915 5394 11127 11333 14285 8159 6689 7071 12554 8744 7404 9752 7457 7690 10070 9688 9775
734 12560 13369 14351 14997 749 2662 2958 4343 4880 12593 10770
4902 513 6809 14348 14682 737 13672 887 2410 3057 3247 3696 9815 5518 4774 11142 6199 8235 6840
6815 740 10180 14244 14276 14853 3673 3810 10758 4187 11018 4701 10853 9472 6100 7018 6364 6636 6864 10739 10628 8514
741 7900 14541 14683 7123 9056 7287 10476 4526 5941 7336 4732 6270 4791 6520 7653 5985 7344 6277 11187
742 12441 13099 13341 10747 1829 12730 2066 6644 2938 4053 5966 4562 6747 7545 6893
744 13886 14620 14784 1366 13631 1597 1855 2716 4457 3267 11441 3750 12600 12599 10438 6867 6992 12502 11814
746 1685 6860 13947
154 9207 10278 13587 14275 254 12407 13315 14505 753 4927 8912 10834 13475 11623 2916 1125 10206 11688 10125 1899 11295 13464 14698 2949 3165 9430 3458 9393 3919 4131 4426 5674 4742 6602 4819 11273 9012 5009 8885 5451 5571 11298 5820 7869 6025 8556 6032 11990 9687
4797 754 11751 12445 12492 1628 2340 4896 5101
13090 263 854 10429 12818 755 12486 12732 14326 6959 8944 11662 5879 11163 8421 8009 1915 11435 2044 11538 12610 2199 12856 13059 14049 2523 2563 7510 2707 11581 2867 2990 4020 4556 12977 9711 4916 5119 9379 5557 5382 5836 5859 7740 6999 8105 7029 7048 7933
761 9829 9871 12013 14048 11088 898 10084 12011 12385 1318 7771 8402 12402 1846 2723 9575 7111 3388 10561 8487 4362 8436 8699 4456 4749 6741
14515 762 12871 13855 14313 12086 1502 2365 2483 10462 4221 6290 6406 9928 10080 10280
12992 767 13874 13903 14377 2093 14354 2491 11141 2795 2835 9762 4648 10516 4929 4988 5120 5388 5632 7183 7437 10096 9408 9426 11625
770 4245 4815 10229 4790
303 9251 12051 14254 10141 784 13468 14611 12152 849 7237 14489 7218 11649 1658 7685 13133 1761 14428 11835 1851 10362 10771 2342 8410 11793 4024 2636 5393 3116 3149 10572 12507 9567 7093 5345 9070 6066 7939 6354 7128 6637 11504 10040 8104 8209 12274
785 6240 8595 14959
423 13387 14727 14958 2684 786 14086 14456 1155 2052 12568 5201 2645 12169 12923 8090 3647 3999 10503 4799 9999 8568 4995 8872 5185 5661 6137 6524 6762 7568 7741 11974 10981
11728 607 5214 5435 8340 12936 792 12426 13879 1428 11713 12761 1437 1946 2337 5278 8304 8990 12510 2471 2963 3129 3409 6101 4189 9093 4350 9638 4991 5351 8194 5572
793 12984 12999 14746 14824 794 1531 2374 9603 2507 2946 12188 3578 4038 7514 6312 8481 10608 8019 9235
799 13689 13899 14952 1214 12432 13035 1256 10398 1289 10274 1636 14143 11047 2886 3251 7202 4047 8508 4477 13955 6763 4925 10639 4967 12048 5492 5726 10680 6068 10248 6902 7135 7764 8244
802 12863 12982 14290 1460 6283 1929 2353 2437 4028 3213 3606
13413 804 14399 14895 14908 13854 10793 1296 14460 14790 1326 1425 1952 2308 2311 12369 2470 3059 3790 4801 4834 5499 8200 13782 8647 6595 7669 11946 8651 9003 12555
409 14314 14951 805 13538 13693 5958 2119 13323 9869 3070 10911 12284 3569 12050 13007 6496 5137 5257 5558 12697 5865 11202 9386 7780 7186 10240
320 13400 13765 14987 322 12645 14575 806 13534 14916 6071 1108 12714 13352 1245 1458 3893 13376 1806 11410 5984 12839 13460 13081 3190 5045 3207 3655 11503 3768 12608 6537 4088 9984 4128 4342 12113 4419 4574 12484 4979 8185 5428 9974 11109 12158 6195 7216 6417 9511 6425 8243 7006
443 13952 14523 644 2469 823 6555 2439 7784 5739 2609 7911 3201 5129 3228 8596 4469 5550 7538 10998 5712
6023 826 9134 9136 12395 14481 864 9157 13601 1427 1659 3870 1938 5537 9158 8399 5851 7821 6972 10433
810 3329 1913 11252 12396 12545 7875 4784 11054 5535 10820 10015 8646
7906 12511 835 14457 14551 12769 1382 11783 12031 2330 3968 2826 14153 12649 3109 10585 12104 4911 12259 10283 6734 10046 8091 8605 8913
14093 4724 656 11505 11857 13605 837 13459 13653 13681 13978 1081 11604 13833 14171 1184 10292 11423 1377 10186 11049 3264 1858 5874 13823 2209 5641 11353 2372 12466 2404 2851 10876 7722 8254 4194 6898 4793 4853 5085 5107 5824 10457 6183 6441 9238 6562 6937 7487 11419 9268
544 7138 7579 8371 13882 838 13451 13683 890 8934 3504 11875 1732 3012 4674 4102 7372 8139 4434 4540 11995 5523 6904
10549 844 11828 12666 13160 1824 1980 9940 2869 6871 3865 4152 8055 4439 6546 4998 7984
851 10477 11665 13857 14632 1457 1967 12193 5862 2516 4740 9165 8499 9745 6607 9016 8460
852 10351 12710 4545 3475 4978 3851 8600 5442 7309 5515
857 9254 9423 14783 1751 8486 9316 2602 5481 7310 6080 6502
863 12676 13606 14553 13942 1255 13723 14297 1748 1774 1797 2109 9674 3626 3792 3882 12508 4600 4722 4905 5429 6211 6219 7480 8158 9969
51 6435 11747 12296 13781 131 12177 342 3937 9660 865 9368 13956 893 9228 12726 13350 968 12685 1376 6056 1604 2911 2677 5904 2820 3612 3772 3828 5053 6993 6557
874 1677 4609 8299 10367 2286 6037 7811 12022 3186 7285 3380 5525 4547 4632 10491 5306
7560 886 11712 12945 14366 1456 10538 10799 3485 11644 4597 9977 11530 10810 6726 7627 9237
8911 889 2555 9313
14311 2243 891 14975 14979 14999 928 12806 1472 2385 12161 4271 5622 4304 4984 10782 7689 12214 7724 8701 11568 11170
896 11837 13056 10039 3629 6587 10033 3724 4699 6458 9194 8271
899 7381 10336 12601 13474 1668 7519 5897
170 11646 11860 14342 2749 912 12616 13244 7105 12257 12145 2394 10452 2448 10456 11657 5219 3533 11465 3891 10815 5055 6149 8488 6107 7673 8837 6749 7236 8001
916 11216 13065 14819 1106 10324 13111 2543 9107 4869 2793 11134 3335 7998 8816 3950 10057 4296 8382 10468 7465 9665
926 9657 14817 14846 11930 1599 12501 14189 11582 2131 13445 7830 2546 2570 5207 2680 5730 3178 4252 4157 3219 3318 8667 11033 3628 8710 9243 7492 9120 9641 5369 8823 5404 13152 5412 7036 6497 6845 7189 7225 7306 9094
674 12148 13825 14228 14271 930 7611 14047 3462 2043 12592 3193 3025 8866 13590 3712 11212 11640 9099 4946 13531 5307 6166 11289 9037 6583 8615 7238 7387 7863 8465 10808
441 64 7425 13137 14665 8641 14446 12067 14406 933 12040 13997 1619 1661 11431 2400 10999 2706 12910 3520 4593 9152 4852 10298 4974 5785 6254 6308 6421 6787 7262 9221 7748 8241
337 8702 14172 14702 2440 939 12561 13957 14291 14496 1046 14360 10714 9208 1996 2915 13709 3526 12651 3583 13778 3864 6744 3886 4042 11810 4344 4216 8839 4697 4987 5236 7392 5861 11951 8562 10929
7756 947 12658 13255 13424 1887 7591 3425 5283 12153 6768 11563 8110 9247
3029 539 13493 13671 14566 14800 687 2654 10207 13123 14191 980 983 7477 1157 8545 13149 1316 10822 2984 1533 3370 8789 2021 11743 2154 11723 3927 2444 12624 2714 11387 2788 7952 9176 3850 4534 9966 4899 7012 5093 7576 5697 6838 10524 8457 9761
5195 2165 951 13571 14148 14152 13820 2574 2598 3212 10317 4381 5213 5553 6534 11811 6938 7200 9608 10816
955 13245 13456 14208 1417 1717 3009 4787 12105 4678 4814 11312 6750 11381 8076
895 9111 9536 10695 12668 971 6386 8964 1195 2828 6828 7776 11940 3506 6694 7896 5583 4739 5153 5290
14453 4166 913 10010 14652 14777 972 12849 14639 14955 13258 1468 6589 12762 12831 11332 13403 2489 2568 11796 2814 11574 12963 2885 8806 12136 3489 12243 3565 9366 4115 6118 7330 12054 5131 10130 5650 5831 6000 6440 9464 10989 10783 8475 8513 9317 9573 9236 10235
977 13326 13346 13621 14891 1746 1862 1969 2055 2238 10976 5548 6811 8186 8242 10440
981 13234 13703 13761 13868 10617 10504 3460 11858 6725 7817 12236 7873 8228 8555 8618 8642 9903
982 9748 13070 13395 14542 1614 1664 1867 2449 3920 5397 7960
987 8725 13600 1991 5636 5752
6792 13925 13773 998 12564 12602 13844 1459 14091 1549 7322 8841 1693 4778 13547 1728 7418 12007 3438 11317 3518 9076 5408 5678 7435 6384 6431 7654 10395 9007
1004 5440 8848 14122 1036 6986 7290 3333 7434 3889 8014 8432 6667 5741 6034 6736
5637 1005 13332 14585 1247 12570 10004 7603 6576 5243 10214 6920 10659 8557
13068 204 12619 12681 9277 1650 1011 12128 11467 2622 3064 6337 5374 6231 8506
11876 462 13398 13889 14476 1007 1016 13303 1055 4268 4346 5050 5567 13166 5648 5876 12879
9797 1025 11892 14463 14851 2530 13082 2799 5396 11671 3036 10417 3511 11162 5604 7453 4873 7463 12310 8184 5574 10940 5854 10277 8962 6642 7665 7325 8030
334 11262 13296 13939 14820 344 12324 1032 13377 14042 1101 3356 14031 1624 8907 3854 3879 10646 10323 4691 8621 5252 5620 9146 8036 8360 9384 8996
1041 12392 13037 13622 1897 11744 10597 2557 8956 11222 10382 13226 3532 6978 9533 4673 7288 5890 5964 8443
1043 10099 11816 1947 4418 5903 6746 5065 6924
1052 11180 11831 11833 1409 5867 9335 11760 1454 8349 4294 11121 12139 7531 5391 8771 5840 5922 6052 10474 6461 7766 9271
1053 9605 13063 13268 10844 1832 3075 9716 3214 3947 7066 7197 8074
12603 6475 11670 14427 709 13916 12461 1056 11546 1768 10226 2101 10855 2368 11458 2431 2860 7169 8193 9050 11745
1069 14070 14324 1299 9161 13301 2297 12234 2834 11093 3593 4106 9570 11812 7424 5933 6284 7408 7825 8541 7718 9299
1074 11866 12399 13519 1206 10413 5819 6474 10828 8021 9929
10480 13760 1088 12817 13747 14526 1359 13051 2276 4923 7633 5271 11700 6113 9054 7008 9867 11643 7192 8042 10773 10717
4707 622 6680 7899 13708 1089 8361 11521 11684 1603 8365 2843 3163 8427 10778 3791 3973 6727 6322 5561 6651
14924 1091 13832 13837 2246 13045 6065 11647 5699 3974 12129 14024 4836 5342 9048 5848 8497 6043 12189 8657 9542 10649
56 14102 14616 14992 203 14300 14452 4776 1090 2975 1095 13425 14834 1410 13191 13774 10517 2739 3308 3348 3365 3456 3502 3809 11569 11177 6038 5240 12682 5694 11079 7856 8374 11350 9013 9201 9942 12330
12267 1102 6214 10306 11633 1401 3528
9709 12464 1129 6453 10243 14798 1164 10152 12880 1183 13447 1745 1892 1997 3326 7054 7061 2950 13302 3766 3803 8262 4118 10956 7680 7955
3683 12505 1131 14703 14709 7249 2466 13664 14011 2498 2567 10415 2790 7920 3594 4007 8908 5288 8272 7342 8109 8267 10122
8263 6324 1133 7978 14387 14764 1540 7609 8269 4090 2868 3148 10252 14253 5325 9583 3255 11138 3478 3524 3727 11771 6688 4881 11001 5176 9015 5294 6591 5755 11802 9312
400 5048 6896 11528 1136 7803 2572
4424 1145 12425 13810 14008 1364 9214 13977 1884 2121 5444 2235 10451 3560 13311 3847 8394 7831 11600 11271 10724
11411 7772 12867 1146 8078 13530 14107 1343 1833 3844 2421 11527 3037 9780 7969 4658 9119 5447 10678 10595 10792
13686 1148 14328 14906 10570 2610 2738 8829 3371 9776 11716 4628 8746 4641 5171 9276 5839 6026 9973 7244 9856 7356
8170 1167 1607 7220 13280 1223 4809 6558 8391 2985
402 10809 11224 12321 13029 1168 867 7989 9450 11189 2176 3288 3860 6162 10030
1178 12475 14147 14880 3858 13098 13819 7861 4178 13295 7742 12318 5173 6706 6144 6456 7729 8336 8426 10272
413 4023 11499 12202 1179 8554 11717 14112 1263 13623 1445 2241 3120 5996 2417 9456 11384 5198 10749 3442 5612 4481 4553 9792 6914
1188 13592 13650 2304 8250 10697 3510 3706 4525 6398 5103
12521 1193 11264 13370 14874 13306 2162 12885 2403 11548 2725 4331 10168 10373 5736 11367 5858 6659
1194 4904 5711 14513 1283 5311 6332 9793 1605 6388 6714 2114 2647 9470 9816 2233 2325 2582 4501 3003 4982 7762 6105 9330
13544 1198 13353 14270 14637 2120 2301 11236 3610 13555 4373 11785 5190 10546 6389 9635 7971 11449 8973 12740
10831 12609 1200 13665 14915 9397 8538 9000 12141
415 4427 10790 13136 527 8051 10242 11179 549 10784 1207 9721 11557 2281 3650 3061 4877 4613 4659
266 11543 12061 14503 14647 824 13718 1217 10676 13343 14234 1250 11656 14692 6075 9717 2186 2476 8939 2842 7419 13187 2932 2967 3119 3394 5421 3468 3659 7163 7963 3786 4160 6409 4205 4709 9649 5102 5338 5350 8240 10536 5919 6541 6810 7585
210 1370 5070 14749 12778 1226 12043 14261 11270 14445 12291 7569 4771 2986 3316 3350 3542 3556 13553 9401 4450 4700 9095 10603 5584 11475 6247 7686 6379 7212 7913 10798 9474
11117 14938 1231 11859 13838 5495 12491 2039 7706 5364 2734 3260 11240 4120 13109 4329 4675 7091 9404 6189 6963 7649
1232 11689 13545 2129 10892 2772 6393 3203 10971 4665 5978 6169
20 4758 8969 14435 9920 1135 3833 4528 1233 9307 10957 1894 8597 11284 2075 6771 2640 2605 3305 3901 7230
8723 10279 1237 14110 14950 9547 2933 7684 4084 9556 5909 4747 8285
13322 629 12345 14288 14492 10657 2815 1356 13509 14099 11425 3802 11321 4269 4692 5172 7329 5640 6028 6187 6911 10262 7726
11364 14393 1273 13633 14548 14642 1590 1669 3265 9360 13434 4949 4971 5144 5250 5476 5488 5569 5842 13132 12843 6842 7267 8313 10513
1277 11596 12085 12394 2959 3077 7864 3888 3964 4677
10304 1281 12781 13943 1701 11968 2763 11396 3450 9759 4446 5873 8579 9190
8594 5277 10840 1302 9417 11798 13232 10835 2510 7682 3742 3912 9944 10696 8550 10812
12280 1304 12540 13751 14690 1464 13454 13654 10863 1818 13145 2920 3420 3581 4453 8503 6074 11331 7671 8039 8270
560 12628 14985 1305 13242 14792 1483 8414 1990 2057 2673 2700 7467 13748 3314 9284 7840 3773 12037 3979 4182 5954 4357 4363 9275 5097 5457 9367 5994 8024 8553 8794
1307 11259 12891 14608 3152 2904 10161 3083 5270 8156 5938 8616
12574 519 6363 11412 13777 1319 3297 14236 14907 11096 1744 11756 12083 1998 3732 13822 2031 12454 2133 9434 10527 2384 6666 11034 2485 13850 2524 5882 2544 2616 2819 6108 3412 3498 4663 3816 11834 4388 10008 7738 6173 9704 7898 8294 10131 6930 7646 8629 10729
12301 12068 1320 13052 13486 13577 14662 8467 10087 1667 8894 10472 8558 3611 12304 3978 6884 4399 4760 8492 4806 5991 8135 8900 10601
10241 9569 14543 580 14684 14780 14964 1321 14528 14901 13470 2533 3231 3972 4127 4353 4578 4635 13940 12002 12531 6007 6060 6670 6799 6865 7841 8344 13995 9042 10024 13171 13448
1335 12613 13014 13507 14803 10912 13161 2336 4091 4138 7145 7559 4462 4867 5043 11636 5761 7691 8100 8961
1338 9325 12316 12848 14164 2591 4467 6078 4503 7765 4710 7400
12403 10688 1354 13729 14782 1613 11682 11618 1921 3575 11692 12669 6142 6494 9991 6673 8886 9988 11268 14986 10605
13595 1396 14061 14627 14756 1485 1772 1773 2216 2690 2940 8980 3836 4226 5943 6070 12075 6653 11107 7450 9666
13815 14923 6506 1398 13512 14807 14934 12640 2032 11998 11609 2326 14389 2355 2652 11929 5609 3653 3848 11377 3914 4494 4782 12066 5688 11376 5787 6268 13012 7132 9407 7736 7763 10129 7937 12784 10880 9805
10332 1399 8473 14380 6998
1420 11880 14480 14657 2022 12490 2676 8145 3720 6632 4833 4883 11181 5013 8724
1422 8685 9345 10645 13141 6383
1432 6880 11257 12699 13218 1738 12146 2635 2776 8677 4454 4844 6513 7252
9548 1434 6126 13998 14146 1524 8940 1722 10796 2053 2381 6320 3516 8295 3644 8258
1439 2992 4367 12439 14970 2358 4733
1440 3355 5261 7854 3689
7705 1442 11935 12893 14883 1692 12422 3391 12840 3711 7280 13240 3894 5320 12020 4333 5008 10573 5545 5546 10366 5855 5908 8202
908 7227 9708 13662 1443 4315 11037 12064 8756 3054 6523 9295 12656 11658 5216 6346 6545 6362 7857 7571 9249
692 2995 7131 7604 2310 3311 13112 2399 10569 12349 3669 9820 6965 6269 9294 7178
665 12194 13887 14845 1474 12941 13677 2257 7488 3082 11123 3390 4272 4642 10178 5837 5956 12335 6121 6153 7397
2262 10464 13140 1482 11917 13973 14455 1487 11765 13041 2001 11536 7884 7846 7973 3676 5665 8877 5924 6255
1510 13604 14386 14785 10264 1779 12164 14019 1917 10490 14641 1989 9145 2519 3220 3444 13206 3681 5052 5194 12631 5900 6010 6172 6512 8373 7399 7839 10499 8293 10721
2020 1532 12881 14223 14374 1769 13712 13853 2528 2824 9074 11221 4005 4080 5498 12036 8828 9409 11328 10381 11218
10465 13699 1534 10908 12182 14751 1683 2065 11694 13687 1903 10448 2088 2618 3781 8736 2628 9891 2792 9532 2944 7988 9834 8799 4096 4957 8180 5299 7390 9655 9818
1536 13655 13962 14352 1541 10460 8691 2369 7826 2506 12922 3147 3161 4136 5884 4906 6922 8052 7017 7359 7438 7683
1547 2987 11779 12559 4447 7703 9667 5224 7269 8174
1561 3837 5645 11572 2125
14459 8881 1566 11422 13067 6717 8781 9924
1577 11485 12729 13613 1672 9862 12912 1789 3827 5135 5700 9092 4969 6743 10914 6793 6949 10529 7265
11953 11375 1585 10387 6507
6594 1589 5316 10610 14649 2071 7198 8172 2137 11095 11299 8095 2338 4312 2818 5775 7060 2974 6042 3454 3477 3857 6319
2287 3804 1610 5152 12053 13357 2183 8208 13202 6606 13433 3486 4491 4521 5902 5196 7923 5275 5798
1637 11552 11851 12919 2865 1873 2240 3160 6615 9992 7420 6224 6233
477 13235 14805 3179 1648 11529 11533 2084 8586 10512 3693 3981 5094 6342 7586
1655 5887 14063 14359 14376 2621 4016 3206 3325 6577 4117 4643 4472 5847 7664 6415 8529
6816 14257 5220 11944 1888 14292 4044 10408 10974 7214 6527 6571 8992 7332
1216 12882 14472 1671 10899 8547 5670 9075 7410 6711 7903 8790 7213 8113
14815 1678 10643 13284 2435 11883 2659 4031 2689 3956 3817 4870 9491 4289 6133 5868 6292 8959
1687 8406 8831 9558 1786 6645 2782 5663
7211 809 1694 4561 6866 14220 2977 3777 6141 5931
565 3332 3351 13431 1709 3715 10150 11958 1724 8330 8945 8778 4592 6665 4310 5079 7343
1713 11370 11987 12743 13055 6154
235 9449 12178 12705 1742 11386 12998 10692 3199 10616 4550 6358 7038 4598 6709 8386 11044 5089 5480 8033 10098
6849 12438 1756 8590 8668 2708 6175
11355 1766 5963 7889 13465 8916 2681 7934 9578 2840 7421 10950 4751 3587 6420 8572 4823 8617 6878 6111 6542 7697
1805 8865 12765 13173 14278 2329 2931 13019 11943 3868 10142 8822 10547 6649 7895 9031
10449 368 12126 12323 14165 1450 8793 1823 10500 3687 3987 12986 4257 4627 5398 9686 5716 8827
6863 12221 533 12833 12973 14341 4376 1219 9429 1515 6813 9664 12047 1834 8307 14098 2082 7885 2091 3643 4169 2211 11008 8705 10972 3992 4239 12614 7589 4972 5209 5549 6757 8567 7030
14557 848 4109 8551 8774 1840 12258 12713 2724 5376 6879 6258 4378 9086 4888 5504 8345
11896 395 9021 13635 14454 14801 427 13122 13283 1821 7380 1841 11635 14168 2058 2693 13762 13331 4498 11025 4921 5618 9516 5927 6621 9377 9461 9632 11421 10845
14589 11274 4620 7675 1848 12739 14128 14443 2753 12960 3362 14188 3646 13736 4137 4171 12987 12703 12493 5883 10123 13706 8684 9141 12251 12046
13611 11305 14857 12317 9306 1859 13083 14507 1922 1992 2494 2797 3902 13337 4219 4305 11855 11881 4512 6266 8150 8769 9351 10701 9559
1872 7317 8388 12334 2356 9446 2978 6432 7347
13792 1874 12479 14618 1910 13293 2980 3126 3226 4669 5206 5210 5554 6182 9260 6796 7659
12776 8782 1891 10768 12775 13009 13616 2503 9108 2861 3469 4976 6210 6674 5197 6331 10700
11250 1898 13629 13904 14788 2068 12935 2748 9534 2929 3215 11237 3627 10726 11986 8874 10441 6109 6341 8674 8471
343 8812 9845 11483 13216 11286 1911 12678 13236 5754 4505 7679 11126 9354 6814 11155
13274 13811 13951 12738 12659 1956 13084 13388 2454 4582 3449 3915 6030 5731 9602 6624 10140 11427
1965 5756 7260 11454 12770
11733 10220 14577 11773 2346 14721 3910 5681 13269 10147 4568 4983 6909 5355 11204 13064 7070 6729 9138 8918 8112
11032 1705 1163 11069 12846 13935 1411 1721 9753 14181 1438 10333 11161 6244 3275 1565 12546 13615 10294 1993 11307 14023 2657 8452 3493 5390 3838 4361 11661 4448 7117 5136 8917 5797 7805 7637 9240 9328
275 4723 6055 9591 7943 2025 10996 13020 2930 4146 3561 7074 4580 5279 8965 6053 7134
14120 13427 1682 11474 13892 10496 2042 12595 13463 2619 10750 3990 10054 4359 12680 6550 12830 7980 8428 9264 11230
69 2261 4963 9595 2045 480 2228 7557 12336 1086 2999 11301 6003 11420 7273 2879 3580 7151 3685 6027
13921 2054 10948 12821 13648 3041 7507 10376 9758
2069 9438 9910 14806 3298 9836 13262 3666 9619 7232 7395 5577 8670 11129 7927 10507
329 14083 14141 14256 11748 11102 5046 2077 9349 13364 14298 2576 2806 2956 3945 4513 5323 6605 5386 9739 10430 7543 8887 9763 10969
388 14394 14519 14994 511 866 7423 13813 3386 3923 4858 5485 8757 12100 11007
2187 729 13535 14926 5395 2144 12137 13044 3551 3826 4238 9090 9865 4682 4728 6117 7139 6204
308 10611 10640 11249 521 5175 9933 738 10179 2156 7638 8054 10420 12108 2484 4607 6249 7028 7580
2164 9610 14182 3063 4264 3620
1119 6738 7228 8020 11373 1300 8966 9817 11438 2040 3343 3753 4822 2168 3157 6579 9069 4313 5524 5321 6024
2169 8659 10412 13344 2474 10920 11404 4032 4828 4327 8092 9229 4795 10063 4910 4970
2221 12720 13095 13143 14319 11961 2300 2319 10065 4422 5026 9392 11272 5301 9837 7119 10001
14681 13569 7621 841 4332 4837 9496 7581 1291 14207 14302 1397 11193 3020 1653 9760 13938 13568 2248 2323 11737 13944 2858 4958 12060 4851 3601 8591 3619 8216 8817 4111 9633 4539 4808 5118 5653 7808 5768 11194 5802 9398 5930 6629 6954 7474 7936 8276 8811 8106
7375 2237 14739 14913 2973 11164 3021 11165 4571 4247 10901 12354 6333 7848 12157 8383 8041 7949
811 5497 11677 14488 6252 943 9060 12708 2188 12183 12351 2250 13215 2320 10268 2849 3158 9217 5552 9197 9790
13368 405 1519 14607 1242 9799 11607 8905 11461 13591 11279 2811 10827 2941 11125 12347 3800 4174 4937 4335 10407 6128 9648 6422 9137 10428 9616
105 3171 12190 14799 524 3187 9850 14554 700 1072 14381 10878 13840 1363 8325 1686 11764 1844 9656 11118 12412 8403 2585 3747 9001 3948 4051 4085 4390 7596 4107 4586 5441 4142 6097 8982 7069 5113 8303 7849 6471 7806 7067 7497 7874
14668 13504 2274 7890 13873 2798 4321 12414 10613 4781 11391 7775 5303 11565 6856 5597 6977 7388 8985
4960 13796 8747 2306 12899 13411 13860 2791 13117 4716 11119 4997 12897 6329 6875 12590 6983 7597 7795 10539
4328 10224 14267 3014 14258 14795 3312 3321 3596 11058 11841 11966 4789 5522 5155 11152 5223 5971 11592 8941 9159
603 12391 13172 14778 2363 11714 4168 4783 5753 6316
861 13102 14265 14909 1234 1755 1944 1961 10904 2569 11201 3701 3942 10985 4917 5168 10043 6765 11005 7057 7355 7695
616 14573 14948 3905 1159 11081 1266 10838 10047 1602 10202 2390 9192 6156 10386 11290 6416 9833 11430
12042 3262 6761 11014 12868 2473 1666 12836 14183 5692 2405 11359 13076 14101 2447 14695 3056 6299 13349 4114 7983 10979 4347 4602 8819 8238 5538 8955 9629 5617 9661 8833 7804 6086 7599 7737 8468 8890
7327 12235 6831 2416 13800 14475 3104 3856 11233 7184 8023
5245 4277 2482 12366 13290 14252 2796 11957 6404 12006 8198 10562
12865 1381 13700 14586 2509 2526 2900 6048 3276 4736 9737 11413 11598 7860 7946 9362 9473
14249 2520 7625 7931
10946 9563 2548 9522 5494 9462 12057 12894 14321 10711 3662 3824 4210 9514 7150
645 14282 14372 14931 1143 1388 1901 2150 13053 2277 2460 2556 5489 12184 4193 11615 6287 12328 6373 8695 8893 12000
14173 14259 12907 1311 12884 5892 2426 9723 14025 8758 2558 12712 13929 9265 2913 3210 7367 10273 3330 11507 12342 3463 3622 4008 4319 8826 5643 11453 11171 8748 10088 10685
8952 868 3984 10436 14921 9590 2559 11110 13688 2761 7974 8787 11291 3002 8735 9255 12150 3017 4650 12735 4919 9485 5343 5514
4 13755 14092 14674 13871 119 6356 14346 7300 724 1753 1782 5143 9132 2589 11973 12572 2740 4022 3402 13096 3455 4063 4254 10707 5411 5526 7275 6486 6795 8640
8780 11365 14032 8703 2184 13385 14054 2279 3822 2324 5459 2413 2595 11207 13467 12661 13359 3313 10922 12041 3346 11143 13795 3349 10579 3568 10079 9045 3922 4003 7101 4514 8539 8688 5896 6625 8151 6565 6948 7206 7733
14487 9825 13560 10836 14305 1265 9645 14362 14571 1466 14074 1703 13074 13476 1850 2142 2593 12663 12790 3038 3499 3716 4311 9995 4435 4443 9658 5675 5784 11519 6786 7547 7924 9574 8141 8860 9477 10195 9239 9309
2174 14255 14429 693 13500 14274 14774 735 8137 4861 978 12302 13034 994 12636 13969 11239 1528 13646 14628 13794 13212 2643 13477 14055 2705 12149 2859 12722 3090 7922 11266 3151 13406 11931 3780 8880 4341 8453 11374 6382 4830 5516 5750 10475 5998 11156 9338 6620 6692 7263 7572 7925 8163 8716
100 6062 10891 12529 1560 5450 7297 2664 10085 11893 3249 8802 3544 5465 7034 7677
12096 1835 8971 9439 5748 2667 5656 8314 13328 3176 5399 8114 3261 8259 3941 4968 7605 4769 6278
7521 9707 2692 14022 14766 14768 3690 4654 4014 11862 4230 4490 6782 5774 5539 6805 10633 7411 7692
211 13661 13979 8196 2571 12675 2777 12365 3084 3140 3743 11782 5039 6979 8115 8932 6394 9424 9640
13201 4000 14015 2787 12906 14325 3411 4356 11366 4989 5740 10754 13042
2803 8906 9986 12016 6002 3050 6206 8709 3185 3245 7022
2630 11991 1978 12917 14145 14884 13325 9631 2823 12938 12346 4112 12097 4848 5455 5591 6216 7537 10006 8049
106 976 11542 13276 14830 7758 660 14491 14759 2201 7672 876 11537 14485 13386 13620 1049 5011 1462 11932 13675 10978 1645 13229 4595 12975 7678 2459 2521 9447 9998 2633 11308 2836 2910 7997 10254 2962 3159 4639 10485 8892 4430 8639 7295 4796 6752 4839 5334 5611 7845 12223
14621 2876 12539 12549 14109 2889 10425 12617 6548 11343 6046 9659 9519 7055 9851 7754 11676 9463
9187 1008 5445 10342 11124 1414 11571 13131 1559 9625 11708 11466 2887 9033 9168 12796 2893 4366 12420 3989 5237 7485 12591 11554 5284 5436 7196 9242
11975 11894 3501 12175 14602 9293 4857 11437 6451 6568 9147
4156 2935 7056 13908 3995
1039 13428 13711 14464 11726 1622 2408 2672 2943 3843 4805 6208 11056 6777 8017
212 14398 14495 14969 14993 1529 14532 12370 2993 14430 14462 7555 9180 4440 14210 4932 5086 5829 5894 6031 6115 6203 7160 6669 6882 11874 13556 8274 14225 9184 9537 9693 9809 11524 12339
103 14531 14772 14886 572 10105 907 12942 1909 9178 2535 14157 9391 14113 3300 3340 3553 4260 4324 4442 5181 12070 6360 6395 6997 9245
10300 13193 9945 8731 9527 3097 10702 11040 14214 3218 11347 13557 9179 12138 4938 5192 10923 5255 6672 7529 6693 11090 9196
8630 1262 7277 9487 10600 2729 8656 11408 2812 7592 3373 5710 4348 6510 6543 5776 8876 8022
7844 4640 1121 2750 11840 13767 12027 11997 10410 10442 3564 11190 11160 4382 7073 5763 6745 6923 6581 7247 7444
14334 12547 13414 3099 14002 3141 3443 7353 5069 5503 8064 11970 8082
377 3461 10253 14922 2467 3484 4484 1230 9288 11854 12373 12552 12688 3055 9611 10165 3235 12690 12748 7108 9065 4527 10619 4544 10930 5111 8063 5461 12125 5510 5955 6411 8786 11567 7256
87 12864 13691 14871 5658 8843 862 11287 13499 6040 1478 6390 3278 12363 13617 3684 4379 6294 11629 5669 9066 11617 6127 10055 12278 9365 6436 7293 7655
2067 10102 2251 5875 2295 4536 3299 11669 5764
220 12633 12749 13508 316 13180 13479 363 7312 12736 3135 3375 11352 11964 4533 6098 10446 7701 9952 10069
14939 8327 639 12356 14009 702 2737 7526 3156 3887 3531 11172 3769 3907 5300 7892 5961
12455 716 11870 12768 13405 884 9203 10388 12522 3283 3433 10515 10890 3554 3585 3656 4320 4518 7570 5923 6703
4253 6019 3562 10163 10653 10741 6676 7208 9774 10953 4727 10116 7407
10949 10851 14060 4913 10453 14760 5114 6235 10632
3624 6638 8502 8869 4543 7090 9541 6720
6315 10301 3670 13075 13371 14559 4429 12888 4777 5360 6145 8277 7172 8975 10534 8088
830 960 6759 7406 13799 2592 1001 6837 1222 10683 10935 1271 5017 6012 3372 6467 3703 5339 6962 5121 7040
13415 12528 14656 4135 13551 4645 9521 9843
1852 3686 7257 13118 11197 6313 3108 3783 9678 11490 7207 11361 3940 9370 4235 5788 7593 4587 5068 5935 7041
1587 10391 11584 8728 11965 1985 13204 3785 5092 11199 3821 7735 8732 5160 6892 5560
925 6663 9267 12459 3829
392 11288 12692 14420 14625 564 566 10222 1493 8189 13261 2011 8914 2118 9061 2315 2488 3897 10489 12618 5864 9244
459 11488 13856 13974 12869 597 6994 10868 10423 7632 1813 3913 11325 11539 4626 4775 12098 7082 10980 7505 7981 10556
11294 9961 10338 3917 12717 14283 4835 5138 5230 6758 5385 9899 6995
142 3111 14872 14980 189 14106 4714 818 7584 13682 5331 1208 5407 11426 1413 11067 1643 3933 14977 7001 1994 2017 4087 3289 2171 7432 10763 12352 2531 3959 2537 2573 3957 2575 6830 8321 2601 7393 3040 9877 3133 8898 10155 12443 3969 3295 3567 3640 3863 7360 9606 8363 11637 4575 8795 5184 8153 7428 6490 8788 8385 8026
13071 1165 13658 14242 1228 12834 2089 3734 3962 9812 5204 5527 7613 10282
12088 3965 6698 9643 11971 5269 7110
8711 3221 9047 10234 12580 3982
256 10652 11950 13156 1127 11083 2396 5272 9804 2808 8883 4040 7305 4093 8569
4089 6633 14500 14941 11205 12965 10169 6739 7031
12874 2231 13113 13469 2951 11912 3272 4234 12473 8255 10492 10166
112 13573 14029 14828 636 12115 2005 2139 10403 11675 3134 6232 3756 4141 12327 7449 5521 11984 6392 11133
599 1503 8217 10602 9663 5813 1017 5767 10287 13816 3118 2132 9896 5695 4406 5603 8288 8948 6682 7623 6699
374 8968 13550 13878 14333 428 2375 7977 12298 14833 676 10192 14745 787 8144 13092 813 8509 2177 1548 12165 1572 5743 1790 2092 11463 11668 2551 9103 2779 9576 3241 3436 4100 4242 10661 13607 4492 5881 6640 6054 7630 12515 10424 9701 7755 8599 8199
13575 12773 2492 4497 10353 12179
2266 11948 14712 1059 11020 13061 14493 1720 2875 10983 11803 7323 12968 5392 10052 5973 10932 6236 6870 9828 9356
7473 12655 2452 11909 3512 7346 4588 8853 6099
2614 4798 13996 14240 14761 3842 12451 13495 3911 4651 5110 5621 5822 6731 9030 9227 9355
1346 9102 11890 3181 4466 9683 7483 9357 4670 7171
13618 12533 3053 11789 14671 3473 4322 11955 12192 4375 4825 5559 7050 5613 6260 6848 9479 7279
196 5808 9623 12873 14281 10062 1663 2656 6192 11071 3664 4507 8543 8844 7818 4907 6462 12292 5806
26 61 12174 12861 1633 11323 7016 13694 1919 11750 3474 9916 3861 5015 4614 9842 4773 6862 9630 5682 7996 6463 7361
12644 1415 5091 11094 2360 5125 8257 2758 11228 12186 11838 5723 6445 8801 8571 7565 8445
153 12389 14158 14976 598 12322 13490 14869 751 6800 13847 1465 3354 2222 12107 2637 13287 2805 3018 3257 5477 3366 3397 11781 3698 4176 4389 5356 10704 10576 5937 6807 6179 9396 6764 8324 11842 9334 10564
118 14279 14568 14677 138 13384 2430 2532 2599 3065 12307 8211 5720 7454 11663 8805 9671 10454 10107
411 11963 12556 14260 14631 508 1831 12062 14604 3548 843 8791 13901 1140 5021 1261 1617 8035 1282 14400 2864 1423 11277 12277 8075 1878 6708 8494 1905 11311 11501 3344 3721 3796 10802 3916 7126 8666 6600 4025 11495 9907 4824 5493 6004 10902 11313 12734 8624 6751 11304 8071 8116
5502 5610 13314
12548 13213 1481 11493 13178 1718 11820 13285 5231 9206 5273 5625 10618 5796 8315 6298 7645 7021 11140 9314
397 6859 11806 13336 13461 1211 10051 12523 1626 9614 1928 2764 3909 2167 2994 8256 2848 2769 3814 4849 3490 5722 5980 7014
14161 7799 12951 12785 1620 8878 9403 2060 6184 12387 14130 8266 2733 13162 13379 2981 11686 13483 14085 4179 9374 4225 10679 11907 11174 4754 5305 5801 7316 13015 6518 8821 7918 7447 7687 9420
1236 3921 9565 9796 2736 3290 6372 6018 8704 9331 3873 5845
82 13982 14590 14619 14635 10992 9697 901 13219 13442 927 6045 11192 12789 938 984 1788 12203 1987 2401 9769 14155 2611 3352 11825 4082 10005 7158 4622 6900 5063 7013 11877 5857 9791 5945 12751 6271 6288 6829 9524 7451 12458 8368
3377 12102 756 6819 14849 14933 1003 6124 1676 3440 1780 13630 4942 2880 9882 12597 13022 4679 10193 9927 5140 6662 10068 5634 6021 11251 6487 6563 6604 8132 7967 6613 10756 7059
541 10450 13154 13963 11697 1201 10357 13917 1854 8173 2731 6730 3760 10955 5109 6873 8682 11613 5228 10060 12627 5911 6177 8456 6733 6929 9371 9571
12646 13728 948 10648 13579 13725 1522 1555 1640 10990 1811 11989 1814 1896 1977 1984 6229 6839 8767 8013
10212 579 12826 13251 13831 14142 1962 4850 8759 5531 11787 8143 8713 8357 8461 9859
14731 14666 993 13912 13526 1340 13966 1762 2299 2370 11878 13362 3815 4217 6185 4504 6491 7167 11316 8899 10824
4262 11326 9414 1827 7092 12814 2006 2608 12845 9784 3323 11146 3447 7634 9471 3679 7626 11664 3960 4517 7484 5738 9142 7255
13945 12711 4200 8002 13265 5470 8070 7712 7337
6171 10061 10719 6209 14479 1690 11719 13203 14512 1802 6163 14412 1936 12341 2051 13670 2059 3353 7914 10302 9994 2270 2817 10487 14263 3729 8950 4878 10390 9706 5981 6365 9689 6660 7136 9311 7443 8246 8989
453 7528 9382 12878 13634 6437 1489 9750 4401 11805 3225 4105 4133 7376 10134 8392 8721
7666 8080 10172 10530
14357 5042 9223 9883 12934
2313 1012 14133 14605 14738 13985 14440 1918 13930 14067 14564 1954 11902 2302 2653 2720 13313 8915 3180 3797 9993 3805 3885 4148 9337 4560 5327 5501 12224 5686 5732 6671 6722 6753 7770 9830 12355 9599 11641
7121 446 4500 13340 14095 4980 1504 12055 12604 13121 7778 13970 2035 12538 13211 2180 2566 3167 3183 3439 9947 3607 6439 3782 8027 6652 7333 10531
12901 14963 1018 13225 14831 1103 14322 1914 13941 7700 2722 8658 2918 11967 4073 3234 12958 12565 4926 5264 5929 11009 11051 11329 7891 7994 9577 7904 10689
31 13036 13101 14809 80 12134 1315 1822 10402 4034 13220 4070 7702 5099 8527 10260 6197 6622 10221 10375 6969 8800 8733
19 14610 14789 14794 382 678 6732 1386 12453 2072 4270 13848 11074 5222 10903 7065 13676 7161 7796 8018 13038
304 14088 14121 14521 13286 8849 2697 3406 7168 6597 8478 9754 10762 9814
208 13565 14233 11821 366 1170 2218 2294 9106 3098 4841 9219 8484
1629 995 10709 11595 1473 2106 12847 10228 2192 11836 9543 4712 5624 2553 8444 3115 7513 8628
6228 905 12527 12786 12876 1022 12225 12535 8636 4352 8777 5555 5297 7699 7314 10624 8994
13209 14192 1116 14426 14706 2234 2508 14059 2550 2562 4026 4255 11415 6016 13480 6253 6973 8470 8474 10249 9811
62 13182 13769 14264 2318 11280 1161 12332 2322 2388 11954 3071 3342 4228 5551 6984 7357 9654
8195 14030 1500 14663 1886 10748 1923 11399 2525 13659 3294 7440 11439 10581 7149 8191 4283 12275 4567 5354 5596 9339 9946
226 14229 14378 14560 437 13548 2881 10521 3058 3459 3831 4887 5795 12012 7985 12166 8273 9011 9831 10551
267 13072 13776 14855 902 10641 1333 13077 1567 1716 12111 2650 11469 2976 3970 8409 4027 4075 4170 4436 6286 10145
12140 393 12801 14304 14885 8121 13518 1392 12947 14222 2012 14072 2236 10829 2253 2314 4123 2921 4030 11818 12995 4779 5276 6514 6650 7523 7651 10246 10873