1 12549 12617 14109 407 9463 11343 2461 12522 2876 10228 2889 10425 11676 4131 6548 7055 7178 9659 7837
4 2293 11593 13754 13114 167 7628 13750 14021 7890 832 14044 14187 935 12359 12253 7656 2287 14311 2345 2756 13787 14131 3039 3784 13919 12824 4077 4827 9647 4886 6804 10997 5528 5543 7533 5921 7906 6330 6522 6617 9823 6793 7190 7208 7354
9 10914 13515 13630 318 12983 13361 13447 1341 5703 2307 3028 3752 11540 10864 4656 10537 5521 5590 6134 7956 6551
11 10569 11809 11984 33 1756 2708 5449 5698
13 9930 11702 12642 13677 14175 532 3779 4693 8533 657 8201 10760 668 11678 1334 6983 12333 3621 2939 3582 6388 7871 4824 3829 7113 4696 6559 8148 6144 9416
882 3400 9406 12057 1709 9019 7221 2837 4638 3087 3296 4686 8527 7792
15 1165 7503 7616 11485 10199 1345 9030 11145 2594 4354 4400
11731 14136 14511 720 13976 14250 1303 1463 1616 11910 2366 3144 3328 3496 4307 10656 4887 4921 5793 7231 12076 7370 8328 9020
18 14585 14613 14661 681 13683 914 1061 1606 1978 2634 8888 2930 3079 7658 3862 11785 10114 4776 5906 6041 7645 8519 10971 9352
19 12207 12551 14825 12010 163 11428 12460 14653 624 12902 14437 2398 1378 14847 2168 3890 8493 2247 10941 13775 2604 7773 4631 13399 3022 3137 3492 3157 10488 8517 4387 4487 10185 4690 5025 5340 14953 6372 10316 7097 9490 11392 8945 10839
20 12896 13415 13551 8782 2186 12041 13070 2831 12468 12528 11248 4156 9521 4543 6054 4603 5275 9155 11493 8278
21 7281 8435 10264 52 7964 11994 4635 1911 2153 7381 6840
22 9943 13183 14306 284 12000 1054 11273 12271 1246 2022 10896 10346 5733 8120 5779 6841 7035 7575 7320
14977 142 14872 14925 189 1643 14980 8363 12443 742 11067 14106 818 1994 10763 1413 8385 13334 11637 1803 2017 7584 2171 10155 2573 2575 5407 2601 13682 3111 3501 12352 3133 8898 12060 3295 8788 3567 12132 3640 7393 3933 8733 3959 6830 10645 4087 4714 11426 5184 8321 6490 7432 7001 7360 10166 7428 8026 8795 9606
8 13069 14199 14323 25 13999 14622 13674 169 14808 246 11457 1235 6375 1402 6452 12498 1466 1950 11624 3213 12190 4286 4506 7567 5826 5863 6224 9410 6681 8573 7402 7560 7674 9096 10210
26 9916 9921 11323 9842 1253 3069 7314 12174 1633 3406 10672 7996 11301 3474 6893 7027 8547 3861 4763 4203 9849 6463 9331
28 10652 11255 12038 12924 11559 282 6874 7990 597 1742 1132 5169 2946 3478 4062 8058 7801
30 13450 13934 14190 250 12830 13369 1280 11360 1543 5402 3447 10674 5400 7243 5817 5884 6349 11122 7828 7857 8074 9553
32 13594 13896 14725 14858 471 9644 722 13366 13838 14600 10139 1593 14391 14524 1634 11406 14962 2269 8066 2349 4149 12739 3293 13157 3983 5066 3463 13789 3641 10764 11823 3986 10848 9428 4225 4394 6181 4413 6376 11186 7037 9068 10900 7233 8008 8188 9205 9810 13021 11136
35 10276 13189 14401 5335 3481 1241 11487 13330 14584 1747 14089 2284 10026 12534 2512 10977 2821 5927 2855 10205 2909 3093 10866 3303 7581 3422 3793 10393 5931 8087 11373 6339 8214 6715 9615 8779
36 10399 13610 13993 11004 1925 9766 2273 11673 2919 9234 4192 9923 8044 6910
40 4027 8041 10788 9489 540 7266 9242 863 3530 6782 3745
42 10700 11101 11330 14563 915 14413 14704 936 11432 980 8384 10905 12482 1035 7296 13138 1544 13194 14154 1592 1641 6549 1764 2018 9454 2112 7051 2625 2668 2678 2695 3051 3613 4581 3104 11012 3249 3629 5205 4943 7107 5619 6505 6847 6998
46 11433 11747 13784 92 11876 873 2134 11562 2181 7918 4201 10208 6468 8976
14997 3289 10898 14351 4195 5610 7298
38 12698 14030 14064 47 12764 13897 14293 14685 98 547 6264 10750 168 8709 6593 13548 14545 958 997 9692 1073 10209 1514 8832 11166 1601 9193 2839 1971 3808 2554 12312 7514 10732 4126 12872 4433 4469 5248 11797 5337 9599 5967 6883 7719 9432 8098 9935 10170
51 4711 9592 12502 14211 83 6159 9600 12140 335 6474 9604 434 1391 1194 4001 3393 4099 7226 6234 4813
11450 53 4551 14530 14767 14935 207 13492 14337 355 14369 14395 557 1021 1064 1499 12905 1964 13593 1966 12297 2607 3376 8818 8910 4223 8162 4973 5067 5112 5877 6093 8100 8619 11470 9397 9828 10128
57 9395 12021 13294 14182 3063 4109 5557 9466 8600
58 13236 14070 14388 12575 13301 1180 11812 14394 1299 2297 11093 3466 8663 3593 3599 4016 5117 4106 4338 9570 7521 6432 7424 10784 7825 8541 9161
61 10734 14408 14906 91 14097 517 1198 2367 2685 9175 3005 3006 4537 11651 4752 11468 6139 7859 8239 6327 11077 11293 8552
62 14047 14228 14806 95 13825 7611 1332 11916 12592 2043 13394 2103 4946 2663 3025 3060 3193 8615 9099 3462 13117 5307 7387 5647 9037 6114 12148 7863 6583 10808 8866
63 11342 12546 14324 538 2222 1710 5309
64 14446 14665 14975 136 14406 2706 641 10222 13997 933 12601 6421 1833 10138 9421 2507 10999 2879 10298 6254 4593 13137 11431 4852 4974 5152 5785 6787 7024 7262 12067 7425 7748 9836 9221
66 442 14031 14042 14820 184 11262 334 344 12156 9384 889 8621 10887 1101 1624 10323 10646 1829 3267 4179 3854 8907 8360 4691 4720 5620 5991 8036 6636 8996
14085 14039 2252 1985 9231 955 11043 13481 2927 11041 11682 12427 12735 9204 4360 5373 5564 6790 6202 10578 7120 9680 7683 8836 8889 8773
68 785 7577 7692 8256 9475 1323 1650 1733
13494 656 6937 11049 13459 9238 831 6898 8607 837 11604 13833 14171 5085 1081 4724 12466 14093 12658 1598 13978 14502 1858 8528 10876 2209 5874 11353 11505 13605 2372 13681 10457 2404 2851 11419 13823 3264 13653 4194 5824 11612 6104 4853 5107 10125 10082 5641 10292 6183 7722 6562 9268 8254 7487 9431 11423 9098 11857 9585
513 3456 8817 13650 14637 737 6199 9815 2410 2894 4902 3057 8835 3696 4496 5518 5711 8039
73 14232 14238 14638 1675 13626 1947 9438 3124 13880 3364 5509 4076 13484 4161 4188 4718 13649 6586 6964 8046 8975 9301 12811 10776
74 10256 11725 14162 14656 304 474 11983 2303 2335 2420 4472 2770 9785 4612 7450 9151 6436 9674
76 13734 14367 14699 286 13377 1490 1792 2028 2124 13596 13700 2357 12296 4181 4288 8095 4665 12560 8260 8282 11729 11833 11238
77 7883 8697 9152 1210 7253
79 3844 3939 12949 384 4688 12311 499 7698 7842 11699 14203 2800 655 12329 12915 931 2983 6333 8310 11369 9071 5717 6618 9938 5944 6539 10071 8614
81 8977 14469 14523 399 14117 1394 13928 1530 1680 2234 13289 2266 12521 4294 13819 11769 6099 6223 11363 6392 7928 11052 7993 11184 11489
82 14590 14619 14635 191 8389 13982 294 13219 14155 450 11825 14172 11192 901 927 5440 984 12203 12384 1788 11877 1845 6045 9769 1865 7158 13162 2401 10471 2611 5857 10992 3958 12705 4622 5063 5945 6249 7451 10794 6271 6288 6732 7013 6900 8368 7283 9791
84 11304 14400 14631 14260 411 12734 508 7146 7633 12741 843 11313 11501 12556 1140 6495 11963 1282 8494 1423 1453 3796 1617 8075 11518 1831 4025 13901 1878 5493 1898 1905 11311 2509 2864 3916 6600 10902 6004 11495 6708 9907 6751 6928 7126 8035 8666 12160
75 5484 10353 13932 14038 500 8634 13710 5423 757 11019 12683 13517 870 9199 14535 10041 4244 7458 14810 1649 1695 2038 2794 12755 13801 2942 12516 3277 3897 9737 3943 12590 4113 9341 11871 6519 11335 4511 4653 4945 5057 5328 7088 7220 8012 8536
87 12676 14568 14871 10055 862 8843 13617 2058 9365 12864 2718 13691 13499 3278 11287 3684 12278 6458 12363 4379 7275 5658 7293 9401 5667 6294 5669 6037 7655 6127 9688 12934 6390 10059 11629
48 8017 13635 14454 14649 89 11421 14168 161 13331 13762 427 1821 11025 12300 1922 11635 2693 8159 4418 4498 4707 9437 9377 7167 11896 7380 8299 9516 9021 9754 9632 9461
8588 94 14151 14668 14690 14909 14124 689 13355 14880 985 13260 2783 10182 1373 14080 1588 13430 2258 12397 2597 2631 10984 13719 4909 2802 2810 2897 2979 12087 8675 3195 4280 4577 4920 14150 5242 12217 5458 5812 6079 7228 8610 8277 8203 8298 9459 9675 9681 11615
96 13449 14498 14924 13488 14315 1656 14313 7565 2761 3083 13159 3341 3994 4575 6402 5940 7210 11588 7665 10975 8952 8317 10021 13409
97 7429 12390 14201 14713 230 883 4443 8077 9471 1454 1755 2729 3019 10731 9812 8756 8865 7467 10593 7929
5 10606 13134 14407 99 14059 14480 14754 4121 13990 2042 5387 2392 1274 10505 1365 12226 12400 2180 9250 11210 2565 2929 9036 9104 4833 4408 5037 6351 5426 5497 10594 5505 12030 5535 6745 12672 8073
100 13083 13611 14507 1220 13337 1488 1932 12317 2494 4512 4219 10701 4305 10238 6569 9859 9351 10282
6085 101 10939 13628 14353 110 9315 10423 13991 11693 8031 562 11976 14312 14527 1085 14813 3714 10877 1987 11759 14603 2034 12433 13472 2207 11000 13092 13429 2208 2217 2542 3143 8582 3488 7839 3620 4050 8053 4258 5582 4309 11654 8065 5529 7031 5635 6347 8358 12260 7005 7446 8871 7084 7468 7787 11319 8028 8516
105 12412 14554 14799 524 4107 13645 14381 700 7596 10962 12964 9656 1072 1686 4586 10878 13840 2585 3171 3187 7849 3683 3747 7067 7806 11764 4051 3948 5441 9001 4085 7874 4390 5113 6097 9168 11118 7497 8303 7829 8403 8982
106 5015 12652 13639 13917 229 11220 12074 1092 11430 6927 2216 10231 8673 10942 5252 6122 6901 7820 9963
108 12476 14164 14597 158 13992 171 495 950 5365 2687 2850 11247 12544 3863 3984 4083 12283 6484 6517 6772 11213 7260
13513 14718 11551 1990 13474 11045 5224 11157 11779 9822 7703 7642 8174 9732
112 12697 13323 14951 626 4325 14088 805 12323 13007 11202 1043 2029 13659 8499 2119 10911 7780 13538 3425 5137 3569 9848 3624 5257 5865 6496 7092 9869
12408 113 12112 13227 13506 13867 367 7716 9788 406 11568 12424 14316 14878 417 12393 14318 13698 634 911 14262 917 6309 1009 1067 4869 1604 13019 1660 2189 12997 2775 11620 2892 11233 2895 3209 9747 3663 4531 5416 7643 5388 5662 10590 11908 5825 5925 7089 7921
115 12418 14510 14827 13720 585 10528 8955 6526 2988 2275 13876 12239 14026 3062 3153 3407 6296 7734 5483 4501 4951 5176 10467 6475 10673 9261 7757 9350 9378 8875
116 12910 13065 13853 7760 3210 10666 4812 10931 11296 8293 9725
120 13559 13920 14421 312 12234 1286 1547 11575 5601 5856 7696 9336 8749
121 14373 14549 227 14000 295 12706 454 8072 1674 11024 2110 11513 11680 2804 2852 2959 5639 10795 6697 6990 6808 10852 8674 10296
122 12975 13675 14485 236 14491 14830 13386 292 2521 14466 8639 660 13229 876 10978 1049 12223 14149 2836 2254 11542 2459 13620 2633 14759 5956 8892 10718 2910 2962 13318 3099 3159 7845 10485 11294 4430 4595 13276 4639 11537 4796 4839 9447 11932 5011 5283 5334 7758 5444 11308 5611 9133 7295 6752 7672 8594
126 13955 14143 14892 14952 535 799 1014 12432 1256 13689 1289 11047 13899 1636 13035 2438 10398 2886 4047 7135 4477 4925 11492 12048 4967 7764 5492 6902 6068 10274 10405 10639 8508 10248 10680
127 11911 12444 14303 14877 259 791 11749 1048 11670 1134 6776 3632 2903 3107 3304 5867 8147 3560 8939 4564 4955 5707 7077
128 8546 13338 14945 177 8099 11065 14317 14488 225 9220 14156 340 14416 360 12256 13165 1776 1097 9346 1429 11458 1456 1520 6448 10789 11023 3110 3806 10068 4220 11761 4273 4306 4346 8233 5003 5376 5744 5469 5794 9078 6189 6282 6572 6737 11660 9080
130 13222 13851 14364 14721 2815 559 10025 11318 12559 1552 1561 1769 1804 8657 11443 3052 8726 3315 3833 8165 4207 5001 8672 8142
131 9660 11385 13781 865 1146 12726 13350 3821 7609 1376 5904 13085 2677 9368 10658 11195 3612 12177 3772 3828 11031 3937 5053 9627 6056 6993 8481
14728 9801 133 14697 14863 1371 13170 13953 1404 9230 10433 1724 12791 1933 13496 14626 2036 2436 3842 3015 10416 11108 3584 5304 3920 4105 9425 11703 5486 9970 6196 8357 8127 8237 8797 9453 9353 10426
90 14784 14902 14946 134 5685 14967 9148 10136 747 1110 11724 1293 13489 1336 13521 1383 10882 1434 1809 1682 14365 2204 9861 14107 2517 5558 3539 11286 4339 4535 13805 4871 11351 12751 6838 7030 7157 12219 8526 9468 11972 9669 10121
78 4495 13421 14169 14908 137 11577 14135 1079 10533 12437 1276 13408 5581 2173 2205 2309 6623 9742 4619 3335 8232 3695 4171 11560 4516 6575 9373 12911 5951 7068 6936 7094 7847
6111 139 8592 8901 12718 13362 485 2572
141 12850 13981 14034 14733 195 13813 14186 14758 12554 731 12985 14581 1060 12967 14757 7071 2286 7081 3130 3325 9807 11344 3961 11333 4066 4447 11089 4519 4915 7861 12913 7457 6207 7388 6472 6897 10308 12607 6508 6678 6689 8744 9775 7404 11258 7690 7997 8286
9299 144 12570 12861 13332 13199 1247 9307 4633 8695 5243 5767 8042 7603 10659 8557
147 2719 5331 10786 13501 8471 1070 8711 11536 9047 2369 9904 3982
148 12543 14522 14539 302 9073 14596 452 10550 14099 14998 609 14829 623 8919 637 10506 1008 11488 13905 1028 10519 1205 1352 1684 11484 2242 3023 3471 3573 3759 5533 7960 3830 4029 4803 5016 5133 5135 10244 5254 5324 8479 5633 6654 10029 7064 8318 8400
153 8414 9985 14792 214 1305 8553 560 9367 13242 7840 13748 1483 8815 12037 3314 2057 11767 12628 2187 2700 9275 3979 4357 4363 12180 4716 5097 9284 8080
155 12124 13379 13452 694 965 12946 1050 1313 3368 3508 3571 3794 10966 6036 8383 10242
164 7400 11852 14195 14999 221 9582 5918 364 10668 14287 1176 7746 1551 8015 1778 3347 2116 2260 2626 8378 2847 3035 7141 8420 3173 3521 4522 5065 9290 5970 6338 10493 7879 8086
14630 1059 10202 10961 11966 1266 10047 10838 1602 3787 8510 9833 9192
13669 12618 173 13812 14271 14420 14625 566 10489 606 1412 1493 12692 2118 2315 3259 4397 5864 6329 8914 9061 7562 11288 8189 8772 9846
175 13250 13267 13862 793 11675 14033 9224 2412 2781 3657 3903 11046 4055 10307 11643 4874 5464 8164 6238 7909 8862
176 2356 6315 7631 14667 2093
179 3736 11064 11722 1384 4326 5377 9896 1389 10708 1523 6858 9667 6634 3807 4941 7865 9741 6005 7080
180 764 9691 10640 12715 506 5041 9519 1622 5145 10466 2948 10751 3320 3978 11251 4165
181 5427 12530 13245 14051 497 5810 3253
182 5855 12422 12893 14883 5546 1888 1089 10366 12840 13192 1442 4333 1692 9731 12020 3391 6665 13071 3642 4468 6685 8721 5008 5311 5320 10573 7280 7705
183 7490 10384 878 1912 4291 14580 1159 5893 10064 10851 8433 7751 3799 5305 7783 10230 6057 6483
111 1763 7441 12581 14372 185 13217 14289 946 11010 11920 949 8429 1077 11567 12780 1513 11741 10841 1951 5791 2747 2937 3813 3238 5198 8501 3579 3547 11232 4956 5616 6534 8495 8584
186 11483 11979 13965 8720 1262 11712 1759 2901 5099 11234 11290
188 10823 10920 13716 14241 14477 10437 928 14140 14566 1679 1895 2054 12605 13238 2730 6387 3739 13412 12109 4985 10928 5399 5870 11602 7019 7193 8959 9006 10654
192 10762 11176 14737 5534 354 7496 9734 2023 9394 7047 1676 8241 11564 2320 4437 7328 2928 3032 3538 3896 4481
12458 9469 14239 711 14198 14599 1505 1526 13690 1646 1836 1939 2143 2786 4636 3748 7815 9964 12809 7852 8424 11510
29 12747 14501 14607 93 12737 14679 198 14520 14995 569 12558 13416 923 999 1027 9153 12596 1704 2019 13427 3694 13206 4214 4279 4432 4736 8738 6903 7430 11844 8555 10526 12495 10623
201 12391 12420 14778 13437 603 11714 13172 13778 1279 9147 4238 4783 4957 5352 10050 10854 5753 6140 6177 12189 6316 6837 7613
202 8076 10925 14208 1417 1920 13456 11381 7323 2490 11378 4507 4814 4678 4774 6750 4787 9520 6083 7489 7426
203 13803 13849 13989 358 14715 14894 389 7704 14578 514 12078 766 8423 11746 1199 2830 10973 13510 1968 2400 2456 12073 2773 2968 3269 12732 11103 4246 8011 5225 8840 5371 12968 5401 5520 6598 8706 13201 7564 8561 9720 11456 8397 9620 9863 12286
204 12128 12619 12681 11758 3064 5140 9277
10745 4466 1575 12097 12653 14889 2097 12727 13828 9676 3702 2906 9322 11476 3996 4452 5403 6603 5997 6113 7349 9305
50 7948 11300 11514 209 6427 7598 14046 12018 1428 4621 11305 1452 3915 13738 1502 9887 1706 5786 1810 5886 1982 2104 2801 6248 2105 6227 3188 4145 6039 8608 9306 8652
211 6929 12627 13963 1201 9642 11613 8962 5272 9619 3740 9320 6008 4281 5911 5109 6749 6873 5228 10955 10450
14993 4440 212 14532 14913 14988 9180 631 6031 14398 1529 14969 14430 2327 2993 3251 14837 3742 7160 6809 4932 5894 6115 6203 6882 11874 14462 8274 12370 9184 9260 9295 9537 9693 9809 11524 11026 13293
10 7517 12686 14732 218 5637 13372 14983 652 11592 13062 14565 1047 1117 12731 11017 14788 1342 13423 5587 1631 12899 1714 11535 1729 5589 1799 4274 2063 2179 2481 2612 9572 2731 3094 10163 3248 5708 3859 6251 4444 9915 9826 4890 9668 6932 5781 6170 6310 10529 7073 6957 9539 8496
219 12222 13898 14602 297 13315 591 11733 13902 1693 12928 2316 9002 4300 12305 6017 6245 6445 11611 7201 8642 9159 9166 10040
220 3135 10446 12749 4876 316 7312 10069 12736 363 7701 11352 13508 1244 1591 7138 6098 3375 9181 7397 8409 6047
14473 272 12573 14415 7119 6538
222 8940 10610 11446 2435 9559 3433 9022 5042
223 739 9603 11850 13780 362 2056 8399 8421 3718 5682 4053 8116 5989 5978
226 11598 12965 13809 581 9107 9976 1395 6262 10742 11111 2141 9117 6302 3652 6485 3758 4098 4888 4685 4746 9969 7694
231 13971 14862 11205 10391 2164 2870 5648 5737 6733 4406 12988 4864 10967 5695 10521 11283 9413 9484
232 14533 14618 14800 233 13010 13717 604 10743 14629 977 1020 13523 2994 6611 1580 1632 11959 9662 5024 3707 14309 3895 5059 4208 13502 4459 11584 4648 5957 7604 11704 7880 11601 9767
235 14325 14393 14548 9360 1273 10286 1405 11472 14642 1669 3265 5476 10373 5569 4949 13132 4971 13434 5144 12945 5250 8313 11364 5488 5716 5842 5974 6084 11441 6842 6905
11547 13144 1556 4061 12244 12566 13590 1935 10348 2622 3080 12232 6337 11144 4278 5545 5696 8356 6706 7516 7777
238 4405 10812 11798 10696 2200 8550 10972 2510 6363 10835 3840 9330 9417
241 8905 9616 13591 13654 405 3800 7954 1519 9648 11125 13658 1576 11607 10407 2811 2941 10428 4074 4335 4174 6128 6422
13033 243 13585 13922 269 12796 592 842 13124 9561 1662 2857 9710 10494 6369 8172 8292 9587
244 13271 14579 1232 12259 1420 11500 1749 6459 2157 10356 9757 7159 4571 12787 5580 7614 12143 7563
31 9862 12999 14686 224 11811 14267 14819 248 14743 11331 418 14666 599 12540 7181 1734 5728 2728 2863 3074 13668 8103 3497 3522 10406 8661 4323 4931 6610 7004 8311 11284 8618 9427
249 10035 14310 14944 11113 550 12626 841 12594 12388 1387 13814 1585 12063 1986 9185 1995 2560 7676 3575 8585 3938 6110 6221 6383 7511 9951 9917
12588 251 9135 10062 6561 2147
252 9271 10075 10990 1052 2474 12092 1208 5922 9335 1409 5269 5840 3113 8349 3240 8267 5270 6461 8771
256 11302 13156 1127 5189 2396 7305 8883 2499 4907
199 9390 9892 11866 13395 242 9246 258 13237 13667 3250 6861 13139 11957 3928 8253 5844 9440 10134 6106 10266 6797 9670 10372
267 8761 10357 13772 4241 4896 7224
268 14397 14623 14845 444 13767 725 1186 2300 11217 10299 7166 3211 11738 3286 10260 3754 4584 3900 13115 13304 4351 4411 8813 4478 7793 4602 9908 7462 7007 8729 6967 7470 9646
270 8707 13466 14056 14218 425 8376 9283 611 10875 8202 2206 10439 10694 3047 3302 10371 5056 5286 6308 6380 9936
273 9612 11903 13305 4041 2223 6976 8796 2696 6072 12465 10757 11594 8138 4425 4445 9530 9806
1287 277 14231 14307 14855 14947 13731 415 490 667 13333 13469 1090 8276 10500 3103 4052 2650 13740 10473 3746 10481 4661 4762 8698 5553 12016 5563 5573 11573 7334 9282 11589 9024 10464
10453 278 5139 12993 14210 14320 608 7732 677 9839 10767 1096 1539 6713 1894 11227 2586 3244 5235 6435 11856 7271 7950 8636
279 375 9711 14105 338 4247 11913 13357 13829 13451 526 13986 966 13028 7180 9130 2487 7538 3007 9062 12110 3008 4270 11657 3307 10963 3550 3602 10856 3846 6789 9164 6870 4189 12777 11152 5138 6063 8933 6132 7790 8006
9272 9726 11340 283 9934 11231 14564 579 13966 14079 6771 1839 12687 1958 13632 2564 8768 2865 12358 3239 4249 5680 7818 8438 11404 9901
9054 118 4940 6116 11705 287 11160 14037 14680 328 10146 11861 13175 332 8578 10817 12401 586 6635 12247 14185 1670 2898 9492 2079 12279 2279 13284 2502 2768 4412 3000 4463 3309 3615 5806 6182 11269 5226 4198 6470 5341 13208 10921 8590 5630 8231 12648 8824 10983 6160 6210 6345 8079
291 1963 2240 14821 14812 612 13933 14648 14960 714 10744 13462 13505 12135 962 7747 14219 990 992 11642 1327 3977 14206 2046 2099 12609 2178 7368 9909 7942 10290 11777 2603 10374 12184 2674 7561 12118 3224 3405 3535 3651 4191 10807 6408 5302 6626 5800 6246 6125 11130 6198 10483 6728 7321 12017 7617 8288 11534 10093
7249 14720 510 9879 12788 14791 7469 2583 13900 13107 4021 12269 12585 4125 7202 4263 11491 4421 4465 4767 9419 5193 11463 5789 8847
11179 2129 8051 13136 11557 2257 2670 8446 2310 4659 9721 2808 3061 4427 3513 5960 9276 3650 4613 10153 8025 4670
3 12819 14179 14824 296 14426 14558 516 10565 11405 14559 10497 675 13086 12474 1270 10675 1307 11411 13766 11859 1712 1818 12612 1938 9750 2132 5191 8747 3552 4060 6672 2720 11945 13893 3092 7595 3322 3419 10424 8332 3649 10916 11739 4155 6217 5673 4596 7100 5565 9150 9369 6465 9060 6560 8084 7682 8205 8660 8760 8972 9247
299 3605 12116 13279 543 7125 10865 11054 1038 7608 2027 10036 10314 2797 3145 3705 3317 4147 7269 8251 8942 8895
14959 14990 11154 458 14672 491 1940 11634 3494 14174 4233 14402 4847 7062 14506 5907 10211 6535 11659 7398 8466 12794 12808 10947
305 10617 13827 14678 341 13153 9304 9677 10002 1609 8257 12667 1723 9507 10345 9714 6951 11257 5568 6682 7542 8091 7969 8052 10855 9056
271 1271 4178 6759 309 5121 7406 10874 10935 464 2592 11581 830 3703 6467 960 3372 5215 6012 7040 5017 5339 6989
257 13205 14078 14786 310 13863 589 1480 1550 11110 12610 3097 3101 4897 9784 5760 12678 7652 8370 9549
311 6163 11440 12803 14687 394 6950 11937 462 784 10923 12077 1156 11645 2422 3281 11040 12994 4164 4996 5125 6735 10179
6417 320 7550 14916 14987 322 4419 11503 6425 806 4088 12839 13352 5231 13081 1108 7195 13460 13534 12225 1245 9511 13376 1257 9311 12714 8908 1806 14575 3207 12484 12158 5428 3655 13400 3893 12113 8243 4128 4224 4342 5045 4499 4574 5984 9974 4979 5155 7216 12645 6537 6071 6195 8185 6864 7006
7756 321 11914 13118 553 821 6590 887 4312 6662 4733 5438
12473 14127 323 11770 13151 14358 359 370 5807 8161 10777 2433 8334 2665 11444 2759 10310 3421 3866 6020 4454 4458 5229 7259
216 1988 8828 11158 11872 327 1608 13861 14345 522 795 13299 9245 7860 10541 973 11081 1056 7076 7541 9041 8893 1772 2458 6637 8245 3026 5679 6987 4965 5622 6691 12494 6982
12377 9607 691 12167 12634 3413 11695 4080 4275 7754 5239 6719 8638
330 12387 14611 14839 588 14221 779 11242 13834 13869 810 14132 833 12374 855 11999 13176 1615 8083 14084 5148 2278 9931 2411 5899 14027 2451 2455 11826 3329 3336 9259 9729 5576 10127 3878 3577 11282 10444 4190 4330 12040 4606 9715 9835 5000 5790 11159 9535 5814 8571 9257 9326
266 9986 10297 14170 12178 1579 10098 12998 1735 2835 10692 3199 9449 8033 4550 8386 4598 11044 6358 6709
333 7623 12441 13099 628 8320 1330 11814 2938 6644 3004 7545 4562 6311
336 6419 6924 7526 8787 1044 2472
8135 3537 337 13588 13875 14904 13946 14683 1066 1118 13251 1477 2914 7350 1645 5126 12569 1777 10587 13212 2296 12059 2306 12308 12768 3479 11467 10343 10510 3936 3987 4727 9989 9634 5413 9984 8863 8337
339 5036 5432
342 9948 11882 14705 1007 2175 3024 6954 7200
343 9165 9610 13216 13758 866 12071 1260 8812 10891 2332 5754 9557 4057 9845 10595 4084 11155 4216 4399 7679 4505 4547 9354 8911
262 8857 11561 14562 345 10894 13210 14442 373 7926 11212 11883 1595 888 4420 13087 10995 1699 8300 10944 2122 12025 12052 2785 7618 2868 3428 12026 12506 3246 13800 3319 7624 3723 11899 3988 10201 11685 13637 4566 13166 4794 5127 7520 5378 9728 8069 8577 9694
71 1229 1322 13420 9429 228 1694 8518 13422 11086 554 1931 5141 7910 12646 778 4872 5256 7192 2468 9764 10358 3468 5202 8769 6267
350 11967 12265 416 10302 727 10094 1324 2245 3617 7079 5772 6265
14286 4944 1823 13918 14970 1886 13056 2305 2547 5142 13241 5129 10322 6621 7032 11935 9686
351 14632 14766 815 11919 13685 851 9016 879 9786 1457 10996 2516 5909 4032 5862 6667 10477 8097 9745
5522 8864 352 2115 11716 12183 13858 13864 1039 9423 11692 1259 9746 11775 1354 4290 9051 1408 10027 11628 2922 11131 3128 7447 5078 5585 6638 10780 6131 9503 6701 7959 8268
356 8279 13438 13687 14329 8785 797 12844 13248 1187 10482 3503 12579 3509 13543 11225 4634 7907 4667 5363 7267 6564 6312 9239 9777 9944
43 12547 14115 14423 372 13397 461 13319 880 1122 1152 2121 2395 2538 4476 5507 8019 11015 6344 8958 9897 11092
13977 774 13959 14434 1150 1364 7359 10988 1884 2235 10863 3847 13311 4311 9214 10070 12425 8394 11600 10756
12002 13995 377 7046 8786 14922 9611 10930 12373 1230 9288 10253 11117 1781 12690 12748 2390 3484 2467 12552 3055 10790 3235 11854 9065 5510 10619 4484 7108 4544 6863 6891 5111 5461 6862 5955 6411 8063
11442 67 1174 12237 14966 5473 12327 274 9586 11153 13711 301 3877 5818 14006 378 6536 14534 14609 9263 1131 14860 9524 12632 1304 11254 13730 1853 11246 6817 2477 2595 11346 2649 11190 2741 12248 12045 3692 4173 5668 7276 4583 9712 11845 4750 4823 8215 12606 7873 6525 5715 10089 6518 8125 6890 8602 7123 7711 7730 8559
145 4097 6295 12694 14468 4103 3123 385 11114 11822 14314 4482 4842 1672 9465 14295 9203 9889 10197 7892 8870 12580 4757 5329 10871 5043 5323 9321 5828 10833 5846 8833 8524 8050
11386 14141 386 14073 14083 14344 9739 2576 4513 2806 13364 14256 2986 9763 3945 10430 11748 5386 7543 6133 6205 8307 9853 9349 11102 10840
14519 4740 388 13696 14994 511 8387 2074 13024 3386 3923 4858 5485 5649 7423 8757 9113 8408
390 13441 14277 1104 7947 12375 1677 8846 2873 11208 4369 4398 5732 6543 6619 7481
138 1581 10369 14279 2599 11663 1080 3065 10691 2530 12307 2977 5914 4756 5999 9671 5720 10454 8211 10107 11375 7290
393 14304 14885 14933 11818 525 4779 12801 1106 14072 14910 1392 13793 14222 10513 2012 2236 2253 12995 2314 12947 12134 2921 4030 4123 4204 6514 6650 13518 7442 7523 8121 7651 9803 10246 10873
11455 395 13390 13603 14627 14803 666 2691 4446 4719 4901 5271 9372 10491 9478 10677
396 11958 12254 13228 584 11082 635 7531 1406 11281 1455 2149 4914 4698 4862 9476 6211 7945
400 13509 14593 14676 574 10508 632 11817 13027 947 7164 8326 970 2460 1599 11539 4012 6918 10507 4151 4177 4403 4250 10620 6799 4485 9872 5987 11063 6336
6963 409 11475 13109 14938 7649 1094 11555 1231 7091 4329 2039 7706 2964 3260 12120 3910 4120 9223 4675 5364
412 8489 12379 940 9900 11481 1348 9100 1419 2475 3356 7525
413 12389 14971 14976 598 14614 14869 751 11842 1465 12107 10704 2637 12322 6179 2805 13287 3018 10165 3257 3354 3366 3397 13490 3860 12593 4176 6764 4389 5356 5477 5937 10564 6136 8324 6800 6896 10576 9396
414 11083 12013 12168 1338 12489 12848 2135 2591 7765 4015 4710 7587 6078 10220
374 9103 10661 14333 14588 428 12515 13878 14745 676 8509 13678 14376 787 5881 813 918 6640 8599 1496 10198 13550 1548 1570 1572 9072 1790 2375 2177 2551 12165 3241 3436 3902 9576 4100 4242 7348 5743 8968 12298 7630 7755 7977 9701 8199
190 2620 12867 14361 429 7456 12382 14028 6062 2165 996 8654 11665 1175 1566 10599 1957 4936 2049 6784 2340 8881 3374 4939 7742 5182 9127 5777 7800
432 13761 13848 14756 1058 13529 5447 1310 1372 11042 4567 4877 13037 6112 7819 6899 7970 8648 8851 8937
433 6607 6866 9415 10909 7149 3777 4561 7250
435 627 11260 14557 12378 9232 13046 6879 1321 1708 6258 8551 2117 2724 5504 12258 3009 4378 7038 7022 8774
13697 439 12204 14747 14776 3441 1045 13927 14014 12948 1233 13174 1328 1362 14508 1492 1767 13367 3367 5313 3519 11115 3634 13354 6975 4674 6669 4703 7209 4898 6664 4959 5532 8333 8067 6157 12842 6328 9034 8291 7622 7917
441 10603 13664 14912 3221 11142 5071 10122 10387 10539 9967
11035 447 8993 9899 10338 14283 1887 11828 12978 3917 9961 12717 4464 4835 5230 5385 6995
453 9782 11773 12121 12537 1130 1844 5046 7632 2304 4200 7337 2331 5470
455 12773 13575 14212 2492 2555 3955 12394 6040 6142 8750 6959
56 13726 13808 13866 456 12673 1141 11889 1426 9684 1927 12925 4565 10421 4616 5203 5702 6141 7099 10194 7552 8566
196 10556 11325 13763 13974 7968 459 12671 13856 1424 1813 4315 2197 12233 3913 7991 4212 4626 4706 4775 6175 12015 7981
460 11772 11865 13173 14278 9031 1805 7082 2221 10547 2445 2931 12365 11943 12765 3868 4008 4267 5526 6649
125 12812 13592 14273 9227 467 12103 13705 12491 12191 10349 1600 11218 1820 1972 2009 2152 2536 6823 8000 5312 6811 11496 9981
468 14893 14918 14930 835 8545 1154 8038 1188 8632 1191 9968 1449 10846 1517 13044 2364 6168 2598 3894 3050 8640 3452 7009 3487 5012 3997 8830 4245 7878 4708 8048 8953 4891 9374 5713 7247 9035
473 10980 11971 12088 674 4037 1919 3174 5055 5076
265 10580 12532 13713 11614 476 11898 14193 14682 7239 705 847 719 8437 8430 12937 1350 6895 11925 1791 4438 1863 2159 10191 2249 9131 2871 3420 6280 2917 3034 3198 6985 3476 3774 4337 4986 5267 5592 6399 8347 9183
477 10804 13368 13797 1062 10814 13168 6679 2829 12100 12950 14245 2980 14258 5990 6818 10288 3712 11509 4054 10862 10886 4643 5348 13312 5542 6418 12402 6710 9101
14950 479 14709 14897 13557 1736 12138 13947 2531 2651 3218 14007 14049 4483 8731 14247 4938 11951 5192 11090 5255 13103 14214 13193 6693 9196 7529 12139 8465 9179 9527 10300 10970 11347
69 6003 7151 9595 480 2999 12336 740 2228 11338 1086 9880 2261 4046 10449 3580 6570 3685 7273 10103 3763 6027 5515
486 12372 12591 14521 3013 5869 12472 7374 9458
14965 449 9749 13249 14567 14471 636 13410 13724 14896 864 2078 9608 1222 12974 13382 1509 1569 6433 13579 1630 13807 13004 8168 3176 11170 13542 3485 13391 14382 3744 9402 11370 14065 4153 4271 9028 11526 4377 12095 4715 13546 7155 4856 7590 6089 5030 5222 5490 9097 8609 5755 5910 12711 8902 8882 10648
346 6318 8169 10072 492 7689 12951 13503 1034 4623 1498 8740 12929 1983 3192 2363 3027 7382 3465 4251 6908
5935 494 9678 11452 13079 7207 7285 3940 5068 10828 11361 7041 6381 7257 7591
503 9840 14677 1381 3995 7246 2321 4093 4679
143 2182 8482 10223 505 6912 9118 995 8734 1380 4923 6087 3631 2920 5710 2978
4218 12079 507 13264 14793 647 10687 14770 14937 1069 11244 13316 1331 4316 1475 12212 13871 6180 3555 7995 3595 10005 3888 12429 10850 10328 5289 5054 8227 5116 10200 10379 9509 8192 5541 10958 8627 5979 7681 9200 7385 11070 6279 6446 6832 6960 7753 8679 8664
512 5288 6286 10380 13648 1701 2096 3990 5075 2140 7461 3163
13703 515 14196 14992 712 13765 926 1353 12292 7579 1771 12470 9318 3835 8101 6070 12090 8474 6974 8335 9376 9906
518 12847 13326 13625 1281 11836 1629 10053 2192 12445 3115 7580 4712 11280 5624 11595 8822 7513
530 4798 14660 14742 549 2125 708 11521 1367 9010 9102 9499 1644 1819 2201 2522 4884 2702 3921 2772 2940 5482 10203 5081 4150 5082 5765 6781 7881 6322
7440 531 13746 14497 14633 571 10563 1197 13549 1773 13806 2484 11808 12229 8856 3266 12141 4372 8597 5536 6812 7325 9064 9730 10945
2541 534 14403 14805 4474 5332 1355 13363 2353 8921 10091 11230 3382 3457 9738 7916 6556 11339 5496 5670 8476 8297
8949 9957 4391 14377 8296 2588 14004 14856 3975 8469 11990 10819 4970 5006 5701 11497 6500 6850 6935 7203 7931 8354
376 12080 12991 14414 536 11701 14439 14448 963 13147 5163 1856 10948 11941 13958 1941 10259 2073 2229 3954 4140 5186 11498 13282 5095 10753 5875 6658 6716 8419 10987 9400 11215
541 13185 13589 13662 782 796 956 4815 10716 5128 5475 5982 7811 6648
546 8004 9308 9941 14120 4855 1765 3837 1877 1989 3136 10241 5552 4682
10445 527 1487 10004 12428 12509 9505 13522 13673 1512 6492 1817 2045 8994 3147 3572 3768 6775 5106 6868 7937
564 4146 9736 1119 3040 5766
6956 422 14249 14857 14920 10056 14804 1306 12172 2709 2658 11884 2778 11372 2824 4772 10189 2923 9296 3271 3523 10802 3675 7366 10367 5014 9495 5472 10269 6123 8404 6126 6766 6919 6889 10019 7188 7286 7466
44 14359 14841 14979 11711 349 6371 11544 14948 13983 849 14958 2732 10724 5326 1697 1890 14842 2085 2430 7835 9112 4349 5062 12350 5217 9628 5384 5762 12693 6770 6915 10681 6773 6942 8181 11869 6968 9300 8460 8439 11900 9854 9768
14552 578 13453 13708 1057 10792 4470 11512 3112 12688 4692 6486 11527 7634 8107 9286
13314 590 5389 5756 769 1841
11410 593 12876 14796 14852 11132 944 13066 7805 7365 2705 13714 3927 13855 4265 9699 5467 5481 12571 11482 5556 10635 6630 11173 9954 11742
9235 6778 595 10418 10553 11362 12512 959 1403 7114 7343
596 7743 10647 14459 1071 9343 13602 1308 7264 11757 1557 9824 1883 10638 2213 10827 3117 3215 4647 5675 5928 7554
306 7919 12771 13018 431 8765 600 12396 12793 12827 2513 9163 3962 11928 4210 10936 4684 6953
475 12884 14025 14173 11453 1037 13929 14259 1311 10509 11760 12712 1584 12539 14017 2426 9190 2558 12342 3037 12907 12577 4319 8748 4875 5643 5664 5892 8826 7367 11171 9723 9265 10685
14544 11610 174 8626 9705 187 12623 13246 14986 314 5132 12123 14961 610 13491 14905 14921 620 11135 846 12497 1558 9211 1594 1852 9813 3883 2350 2686 2389 2429 9972 2442 2446 4122 2627 6447 3170 9718 3733 4358 7650 4451 5210 7065 5460 7725 5586 7834 6006 11309 8604 9256 9562
614 3085 13302 14417 633 11655 13936 11407 2827 3676 9870 2956 8844 4417 7052 10164 5115 6261 5366 8365 6193 9590 6826 7610 9237
482 14419 14644 14707 615 10545 14826 1467 12381 13743 1728 8677 10022 2415 5166 10626 10924 2957 5823 3872 10370 3949 9241 4415 8497 6081 6103 10523 6820 6827 6907 7483 8739 8483 10551 9364
11011 617 7958 13031 14881 1078 12675 11696 1999 10575 2813 3525 11697 4135 11511 12108 4142 10305 4694 5646 10033 7539
618 12098 14197 14472 1216 4790 2098 8113 2373 7358 6024 10568 7110 7213 8447 8219 7410 7903
621 13353 13584 14008 14074 1346 2710 3515 3668 5943 4289 7802 4963 8671 6378 11895 7522
70 9273 11169 14898 625 4453 13186 14433 957 11531 1258 13163 8177 1758 1979 5992 2068 3285 3414 6855 3770 10695 4804 10946 4651 9228 5827 6305 6588 7824 10932
149 12821 13921 10152 802 8032 1248 9758 2799 10376 4765 7507
9439 13093 644 10571 12589 13894 9593 5108 869 9497 12295 13564 10486 1830 7797 12291 10160 2991 3202 3263 3363 11150 4071 10364 4298 6320 12442 5379 10779
13374 509 1945 13181 542 9772 13949 630 11523 13054 1105 11245 1618 3873 1835 2145 6307 3717 5249 6076 6277 6962
14096 640 14302 1766 13465 6420 11355 2681 2840 3587 3713 11279 4751 5963 7889 9319 7697 8572
642 11961 13143 13259 14225 10001 9392 4124 6092 4422 5026 9837 5301 10805 10065 6516 8613 8799
645 11821 13751 14931 899 11965 13141 1143 12293 1388 1726 11486 1840 1901 2150 2277 2556 4193 4649 4989 5258 5489 6287 6373
7044 648 6943 6969 10953 12980 1171 814 7407 6676 10741 3305 6151 3998 4392
13344 650 11214 13155 14694 1111 13786 13339 1700 6668 11956 2172 13624 13852 2264 12499 2789 6188 6146 4256 11507 4303 10401 12210 5061 11200 10073 6694 8407 6119 10261 6592 6835 6872 6970 10699 6972
651 8367 9508 14264 5655 1375 3431 3825 9695 2511 11502 11887 2767 7408 3186 3543 11734 3669 5502 6831 6542
14542 14449 653 13715 14422 14828 1652 2146 2746 2766 11668 3426 10410 14052 3935 4370 12238 4493 5282 6095 6742 6109 6489 12082 7143 12029 7215 7299 7449 8223 9119 10218
12181 658 13052 13486 10601 7817 1320 5561 8492 12068 12301 1667 8467 9871 3960 8558 10087 4806 8894 8900 6884 8263
12702 14900 420 14714 14942 483 14546 14823 576 14703 13745 717 850 872 10255 895 11310 12213 7491 8124 2170 11016 2230 2406 13001 3435 3507 3884 12094 12314 4082 9213 4416 8123 4854 8784 5002 12122 7460 7504 6275 12147 10950 9898 9771 10154 10544
661 7586 9444 11751 14180 8586 3179 10474 3693 6342 4530 10512 5022 6887 11105
10135 663 14058 14551 14710 7212 909 1563 2232 2281 13891 7827 11303 7882 6222 8849 7319 12661 8258 8366 8943 8979
88 12766 13257 13574 664 12990 13727 7536 1000 2128 9038 2393 12475 2985 3387 9149 3596 3993 7378 7897 7710 11030 9136
60 11942 14103 14875 14949 369 10058 12841 12837 670 5964 14123 868 12199 14167 1568 1949 14125 2070 2402 14119 2428 2587 2711 2825 3196 13278 3360 3440 3586 3931 5370 4072 4615 5457 6839 9679 8220 8800 11418
672 10156 14985 713 1238 10769 827 8967 10671 2267 7242 10267 2694 5966
678 13612 14296 14954 693 13198 12024 3358 12664 5559 12859 5671 7169 7412 8500 11566 10816 12700
14514 683 14114 14752 1518 13197 7813 2343 4040 11415 11718 13760 2743 10496 10653 3222 7162 11085 8470 4078 12255 5422 5453 10175 5681 12654 5724 5993 11688 6256 8612 6350 10095 6940 7153 8941 9109
14 8620 9093 13207 14779 686 10158 10994 2846 5888 11321 3298 9971 3721 8346 5548 6466 7140 6753 7640 7951 8405 8140
23 11792 12802 13679 14843 217 11753 13950 4743 688 3925 13583 14650 1177 13473 13752 1225 5965 1623 6825 12701 1752 2055 10186 2226 3906 2325 10633 2523 3384 11368 3180 11324 3598 12665 3639 12151 13722 12463 4368 12709 4486 5712 4524 5032 7234 5638 6400 5780 6437 10582 6573 7436 7544 9040 9955 8322 9082
13616 692 14915 12439 1200 12595 1590 12992 2026 10831 8685 5021 8825 9000 8538 9189 11272
699 12407 13581 13951 896 1211 13149 1440 11752 3316 3689 5359 5850 6705 7395 7427 7551
573 9755 11840 12347 673 6511 9517 953 7420 10957 2508 7798 2765 4520 6767
706 10655 13799 7913 1214 2844 3020 4605 4657 5519
13540 392 14383 14612 14700 14836 721 14598 10257 4673 3720 2478 13939 3048 4092 12940 4287 11664 13254 5157 13253 5913 11550 7530 7662 8504 11275 8692 11988 9847 12008 9990 11947
14646 9229 383 13286 7214 724 7876 13428 823 1382 12492 1811 2169 4913 4011 4828 4910 9852 8092
13325 11603 13012 1288 13231 1587 11003 11868 5092 2469 12835 2543 5160 7509 6892 10412 8339 8728 8732
408 12914 13061 14341 728 11556 1192 1026 10870 11803 12684 3379 8717 1573 3470 2218 3121 6779 8380 9486 12005 4314 4558 6232 6788 7822
2144 729 9297 11007 13535 885 5395 5420 9865 2647 2557 3551 6204 4760 7799 8542
12962 551 8589 12500 13401 14726 13666 715 2902 10549 14972 732 14538 5677 1554 3073 4658 8971 4318 1807 1826 9982 1943 12340 12526 2102 13291 2527 2998 2582 11022 9653 12721 3230 3951 4039 9526 10514 5060 8373 5714 8007 6743 6410 11462 6531 10781 7315 7478 7759 8043 8316 11126 9937
14177 285 13041 14371 6208 734 13973 14455 1482 8877 2001 2262 2443 3102 5924 7830 11765 5394 5665 5705 11917 6255 7973 8723 7846
4834 736 7901 9910 11235 1495 2069 8670 11129 13262 11881 7292 7927 7232 5392 7186 5577 8587 7069
14688 10749 643 13663 14348 14081 894 3609 2399 14060 2736 3172 3337 3827 3836 4079 10458 4838 6051 10952 8136 9873 9965 10614
741 12014 12455 14061 5048 8037 2861 7740 4764 10354
208 12710 13544 14270 12662 11691 13525 2301 13122 2790 12231 12572 3610 12740 4373 9635 5190 6389 11449 6687 13256 10317
2662 744 12629 13023 13755 2646 9799 9774 3168 10910 4407 10897 4591 7102 9046
556 807 3483 6015 745 1921 4383 4928 6476
746 14674 14991 1415 13380 1961 10797 12343 3611 9253 9672 4067 11109 4359 8718 4409 7867 4548 9633 5948 6507 10801
14541 750 11187 13693 1444 8848 1848 7344 13105 4302 7336 8574 4526 9361 4791 4870 7653 5101 7900 5985 6331 7287
2600 752 8434 12218 12399 937 8855 1224 7340 2048 2294 2328 8650
753 7782 8540 11743 12274 754 11062 1628 4797 2562 8719 4641 6836
263 2563 8944 13059 11538 755 11662 11987 14326 13263 10214 8187 1753 12977 1915 8244 2044 5859 7048 10429 12856 2064 6999 10403 2199 7510 8105 12089 2689 11435 13090 2867 7933 2951 9084 2990 4020 3812 5119 7029 4366 9278 12818 4916 5382 5836 5879 11163 7403 8009
758 12357 13398 13537 14476 1016 12415 13303 1055 1715 8805 4268 1780 3618 3879 5050 5179 5801 10361 8678 11072
10092 4175 760 10250 14240 14867 12943 1023 8464 13968 6201 6550 1135 9798 12524 14927 6952 12483 13712 2107 10766 12173 2185 10787 13327 2704 13498 2877 4597 9639 2955 3096 3287 3343 3527 3627 9472 3818 8221 9510 3824 8637 11879 7707 5023 10725 5882 7265 7578 6325 6653 6988 10038 9362
237 2771 10698 14118 762 5471 8701 9540 1399 8820 9532 10060 3155 8630 7433 7345
768 12277 13600 14043 783 7809 10422 14347 943 9222 10861 10504 5796 2757 9266 11259 3339 3597 11436 4064 4748 10686 9609 5852 10018 5871 7033 10584 8022
775 10057 12430 12695 916 13067 2793 8816 4795 11134 3776 8382 10324 7465 4758 9665 10908 11216 10468
780 839 11066 11137 1123 6523 6877 3126 7347
790 12505 12862 13296 11252 1661 1854 1913 2966 7875 6528 10015
803 12792 12879 14110 1237 2414 12874 2933 2995 4162 4301 10279 4576 6018 6657 7684
809 12578 13788 13824 14226 1808 1970 3957 5223 6226 10236 7291 8160 8535
817 9303 12870 12981 919 12519 9953 2809 1698 9215 2016 6366 6661 6980
8927 170 10452 11890 12257 12970 820 12145 12865 13244 906 2448 7105 2394 6107 7131 7236 3891 11465 2463 7673 2749 5219 10456 3533 3661 4317 4880 3773 7003 8001 6149 6612
829 10054 11851 12919 1637 3520 3512 10612 11552 4826 8170 6233 6615
13479 838 13572 13816 14045 11875 1732 13882 1770 12413 3012 1993 11448 3504 4102 4295 11995 5572 4434 4540 8934 5523 12398 6904 7372 8371
7309 852 9687 10400 14654 1553 3475 3851 4978 5721 5442 6244
853 12891 12961 14608 1959 12335 2904 3152 5739 6834 7998 8114 8616
129 13948 14782 14640 886 13516 14216 14746 1033 13826 1099 13145 7211 14062 2040 10326 2581 11886 3838 6965 4461 13005 4792 5151 6220 10598 11791 7026 7173 7289 8532 8680 9018 9140 9652
857 11094 12162 12186 12644 2035 1607 1906 11228 3247 3243 8445 3724 4977 5091 5723
172 4981 7294 14973 11591 964 1486 6230 8102 11292 6949 6186 3258 4624 3849 10476 5156 6155
59 10558 11980 14111 14467 11813 1796 13580 504 7445 7644 3708 765 14513 875 13342 14475 2160 8775 2997 10111 3719 4308 4334 6718 11390 6814 7721 8808 7115 11474 7137 7363 8155 7768 8089 8261
639 14681 14939 881 12523 12713 1283 9929 14009 5300 2737 3156 3531 3608 12356 8970 3743 3769 9543 3864 3887 3907 11172 5495 8327 8809 9090
10560 260 13051 13641 13737 884 13015 13644 904 954 12504 1292 11383 1740 13436 2060 9796 2196 6647 2351 2518 4336 7961 4480 11576 5380 5693 8393 6174 6473 7394
8829 890 9877 10478 9267 4585 6763 9706 12035 4730 10803 5853 6532
558 1228 2089 14242 891 4202 5527 5204
313 9143 14928 897 11393 13771 2610 7194 8611 2862 4159 4552 4226 5164 4264 5738 8078 4587 4729 7459
1671 908 4089 5110 6680 10447 3001 5929 6739 3279 6633 8016
166 12285 13514 14940 440 2750 7988 9191 11057 912 10229 14010 13002 1743 5491 8129 2005 6064 12869 2015 3899 7744 2041 5605 11709 2290 12261 2378 2699 7282 10991 3076 3871 10303 3089 3212 10234 10340 12287 3330 3505 3529 7352 8505 9601 5096 4655 6774 4766 5268 5104 8946 9363 7779 8521 7301 7838
13243 922 11631 11646 12050 2656 5463 3038 3446 4786
665 5933 9154 11532 792 1666 4129 938 1196 12187 4734 5322 3950 1681 4374 5090 4230
7856 939 13265 14102 14452 14834 1095 11768 13850 14616 7788 11569 3809 2739 13774 3348 13425 3365 3502 14300 13191 9942 9883 11079 5240 12330 5694 7443 13182 7724 9013 8374 12682 9201 10517
261 9324 13802 13884 276 7720 951 11804 12996 1006 10331 1535 11427 2285 5241 2972 10204 13072 7066 5044 8912 11198 5347 6194
854 10451 11565 12616 12800 945 1223 9895 1236 4625 5177 5293 6558 7179 7626 9274
2969 968 12440 13384 13545 14536 12822 2214 11605 2370 11926 6396 4680 11473 5479 11541 5949 6135 6524 8985 7045 10281
702 11033 14189 14817 972 8667 10969 14846 12348 12501 2131 13152 13445 2283 11930 2546 11582 2570 6497 11683 2680 9657 10602 7036 3095 3178 6845 3219 7492 9120 7189 3318 7306 8710 3628 13701 6909 9094 4157 4252 11434 4747 5207 5404 5412 5730 7638 5811 9641 9069 7225 7854 8823
3197 539 3370 14191 14492 14708 687 13123 13439 975 9176 13011 13493 983 11414 12624 13671 1157 10207 1316 7952 1533 7477 11723 2021 4899 2154 2319 2444 7576 2654 2714 2788 2984 3029 4534 4860 10822 5697 6469 7688 8457 9966
6921 319 10637 11922 14290 6332 13984 748 12477 808 10532 12405 979 8897 10159 12462 1343 7877 5004 2457 11297 3166 12900 3834 7175 11834 5813 7000 7258
680 704 14147 3850 14138 2419 12723 3578 4588 6730
684 6554 13233 13348 988 12750 1688 1786 9762 2225 3184 10752 8338 3775 9187 10347
9014 10413 1891 9108 12111 12775 12939 4976 2880 13089 6916 6829 12117 5197 6674 9697 7505 9443
14489 14621 11771 14253 14387 1133 1540 10196 13926 4881 9015 3148 3524 3727 5035 6591 7978 10252 5294 5325 5880 6324 6824 8269 8480 11001 9583 11802
12007 13547 6792 998 7322 11317 14091 7418 1314 10285 1459 1549 8841 13844 12602 2640 6431 12411 2926 3438 10395 7654 4778 5678 4800 9007 5408 5487 9076
157 11445 12096 12883 9903 7975 3534 7482 12613 3633 12220 13281 4327 4608 5508 8343 6938 10284 7422 8686 9550
13916 1004 14641 14785 14848 1510 14926 4026 1785 1926 2255 4784 13604 3220 10441 13240 10440 3444 3681 12631 5281 14019 10499 4664 11927 5052 10390 5900 6010 6052 10721 6172 6512 6925 7399 9740
14067 1012 11641 14133 14158 6671 1815 14440 14738 1918 12179 13985 1954 13313 13930 2302 2313 2653 3805 3885 4148 4560 12339 12224 5975 5319 5327 5501 5686 11902 7770 8915 9337
902 5988 10624 12527 1022 8777 9195 12786 4352 5591 7475 5555 6197 8957 8725 6632
14723 1025 14753 14851 7895 14463 2913 3511 9797 10417 4873 5396 5604 5854 6642 11892 7139 13082 7453 12881 8030 8184 9379 11243 10940
7332 1042 6571 11563 14292 6816 3985 6599 8428 4206 6026 5220 10625 6120
80 9219 14496 14702 6154 13957 9208 1046 14291 14360 10714 1685 14237 1996 12561 11810 2440 13709 2915 8702 3526 3886 4042 4344 4545 12651 4697 5236 5474 12205 7392 5861 6744 10929 8562 8839 9571
1053 12136 13074 14112 1126 11384 11938 12895 1179 6914 13623 1263 2417 11717 1445 2241 12202 9792 3120 5612 4553 4906 8554 6166 5996 9456 7474
836 5069 7850 14561 1040 9358 11639 1065 1741 13283 1068 9504 9709 3918 8595 4396 8593 6091 6673
1083 6471 6917 13317 9698 2151 6306 8531 13443 2360 9816 11687 2553 9473 4297 7836 4785 5719 5757 5172 5798
9225 10735 12230 587 12414 13167 2013 1093 13908 14276 1357 12361 12854 13091 8867 2259 7902 8601 12028 2371 2376 3146 11278 10774 9058 5051 5086 5330 5353 5858 6200 6894 8122 11059
13126 13446 4380 3014 12944 3301 3472 12655 4517 5064 5626 9285 8081 8377
14322 826 7904 12565 13225 14963 1103 14831 2191 9577 11051 2722 2918 3234 11329 3310 4073 12901 13970 4266 7086 4926 12958 5264 5770 6871 7700 7891 7994 8003 8658 10837 10845
1115 12770 12982 13404 2953 9920
14591 14655 14978 8458 14343 771 4983 11839 14035 14762 1017 1461 1063 12081 14504 1116 13461 1574 13230 14057 2362 3901 2579 13482 14517 12119 3256 3971 11525 12130 8431 10221 7532 4933 5262 5603 9323 5618 11211 10318 5816 10562 6413 6498 8700 10843 6609 6755 9979 8422 11106 9077 9340 9388 9538 9564
520 9773 13881 14082 14547 3898 10190 1107 12971 14484 1120 8302 10409 14814 10110 1204 10830 10344 1642 11068 11168 11632 4805 9129 5629 8525 11622 12206 10341 4725 5094 5578 4962 10662 5183 5418 5691 6301 11587 5968 6849 6885 11139 7204 9566 8331 8649 9074
12403 1125 7386 7588 8126 13432 10132 2233 6401 11732 4248 9244 11087 12058 4556 10144 4721 4930 9264 9173 8669
10785 1128 8355 9170 11196 4745 1312 6504 9137 1319 6641 3084 5430 6393 6480
14981 1136 12062 13255 3054 3283 3592 4968 10832 5316 7625 7868
348 9655 10448 14751 1903 10233 8736 3781 1534 5299 1683 12182 13699 2065 10254 2088 7277 2618 2628 2944 4096 4475 9834 8180 9329 9085 9818
10133 1139 14001 14159 14956 12772 3127 10030 3924 5077 12282 8128 12154 8745 7527 12195 7557 7612 8463
580 14543 14780 14901 1145 14763 14964 10024 13448 2120 14684 13940 2533 3231 3324 12531 3711 3972 4127 4353 7506 4578 6007 6060 6670 6865 7841 8344 8486 8529 10099 9042 9569 13470
1148 9973 12115 14328 9977 2803 10530 13686 3371 9856 4628 7244 9776 4900 5171 6269 8746 5839 7356 7133
867 13383 14404 1161 12759 13552 2010 2106 3071 4228 9654 5551 5848 6228 9864 6406 6984 7058 7357
13859 1975 14375 1178 12511 12586 11149 6178 8662 13239 2745 11250 11606 2912 13676 8247 2936 11009 13017 3081 12707 3670 11204 14223 4753 4816 12621 5019 5615 6748 11788 10849 8635 8954 10017 10350
14194 9999 1087 14693 14903 1181 11036 14200 1385 14184 1448 11672 12782 1532 1953 10709 6077 2439 12674 2519 2744 10627 3070 3122 3545 4163 11578 12930 4479 4554 10791 5745 6049 7785 6729 8134 9083
1182 4167 6584 12817 2669 5344 8755 11982 6362 4845 7012 9348 4997
24 9063 14636 14783 12584 7573 770 14451 14659 14840 12754 1202 10608 12360 13779 14996 1268 3480 8312 1479 12380 1619 2427 7693 11962 2874 11864 3078 12266 9405 3460 3728 6213 7502 3741 11480 10726 4231 7002 5439 5939 6627 8459 6876 11241 6947 7217 9138 7318 7600 11888 10511
1074 11354 13519 1206 10949 1707 3216 4527 7205 5819
1207 7168 9827 11847 3036 9371 5746 6206
6913 1213 12044 13113 13487 1243 1421 12984 3114 3645 9086 4825 8190 9888 4961 9802 5623 6639
533 7885 12221 14098 3992 1219 1834 5209 11439 1416 8705 9664 12438 1515 4169 11008 12833 1980 7172 12973 2082 4239 2091 4376 2113 12047 2203 2211 3643 7589 8567 5287 6757 8827 4972 5414 12614 5954
13195 905 13112 13414 14002 10120 12615 7353 2652 2673 8082 3141 10761 3443 7464 11970 4154 5503 8064 5583 5883 10145
8272 14833 7391 12003 6412 1249 13524 14425 14943 14809 1531 2244 12583 13704 2256 14643 2574 2958 3138 12481 3284 3546 4070 10335 10906 4770 5709 12496 6430 10275 11516 6801 7717 7615 7844 8391 10023 8018 8727 8230 10538 9198
13064 7528 2084 11080 5355 7106 5462 7893
8753 1261 10434 11350 9919 4431 5525 9991 4609 8235 5771
366 10765 11100 13180 5575 1084 4677 1170 1265 7549 3150 4388 4549 4841
329 13695 13942 13998 649 12927 14941 15000 910 12730 14297 14553 930 1255 12805 13606 1748 1774 1797 1981 8158 8139 3626 3783 3792 3882 4600 4722 4905 6219 5429 5837 9598 6576 6819 7413 7887 7480
13619 9291 14724 14781 14865 6158 9555 1290 14350 14405 6094 14888 9735 8704 9744 2346 12576 8353 2432 10669 14340 6695 12480 14769 3636 3765 9959 10800 12536 4404 14294 4846 10427 4883 10665 10919 5360 5718 5841 13266 6493 6614 9226 6807 7454 7335 8034 8490 10431 10368 8520 8999 11790
12471 4773 1291 9398 13776 13944 13980 1397 12956 13907 14207 1653 5930 13595 1942 7621 14645 2248 13569 14104 2323 2858 4111 3601 6629 11737 3619 12459 4851 13568 8591 9760 4808 10150 4837 12873 4958 5118 5653 6143 5768 5802 8811 9481 6235 11193 8106 7039 7808 7936 7985 8216 9496
1294 10860 13358 13457 2528 3558 10720 5303 5938 10157 9980
9789 1317 5838 12196 13053 13274 1430 1627 2549 3603 5843 9722 6702 6931
1325 9370 12153 14146 1873 2569 10272 3594 8110 4542 6442 6768 7384
2 12281 13843 14392 921 470 3255 5020 10588 14458 9027 13860 5159 14493 1344 11710 4365 9106 1882 6821 2496 12724 2577 2644 3169 5832 3788 10181 6359 4035 7750 10554 5158 5599 8175 10083 7416 9512 9597
288 8778 12349 14874 1333 3200 8918 1567 4170 1716 10641 2050 3292 2976 3970 6449 4075 4436 7796 6356
13912 993 13526 14731 1160 1339 1340 1762 2299 2384 13014 6579 3815 4217 4504 11878 12022 6491 10824
469 14595 14968 913 10799 12450 14453 13403 14639 1468 14652 2489 9573 2568 2885 12849 14669 12831 3448 3565 8806 10235 5150 4166 4343 13258 9464 10010 8513 5245 9366 5831 7330 11690 6000 6001 12762 6118 9236 12054 10130 10989
1351 9707 11862 12299 14768 1473 9359 2853 11138 3690 10247 5774 10985 6805 7411
107 14739 14787 448 12838 6503 1363 11694 8236 4009 10907 4836 4866 11782 4966 12758 5098 5161 7912 8440 9626 8655
34 12126 12888 14528 14870 368 1242 10663 8791 1450 9855 3687 4257 8793 4627 12986 5260 11412 5398 9911 11112 11074
10689 4457 1366 11276 12920 13886 14620 1597 12599 1855 12600 2716 13631 5199 3288 12114 3750 4332 6867 6992 9820 9983 9890
210 12778 14261 14749 387 12043 13553 13633 9095 1226 1370 12268 14445 2952 3350 3352 3542 11312 3556 13171 4450 4700 4771 5584 6247 6379 9474 7569 7686 10798 8054
602 898 12011 13077 13672 12385 761 1318 8487 11529 7812 8436 1309 9418 10028 11944 1379 8402 14048 1538 1902 5920 6741 7111 2101 11617 2723 2798 7771 3388 6231 11088 3865 4143 4362 4456 7074 8699 4749 4993 5634 10084 5070 5194 5903 9829 8060
1102 9123 9894 10306 13424 1396 11745 12267 3528 6214 4005 9565 11633 5782 6065 7254
1407 9708 10710 13016 5244 6723 5246 5277
13615 14023 1163 14331 1411 7117 14181 1705 11661 12846 2657 9328 3275 10333 8917 4063 9578 4133 4361 12630 4448 5136 5797 8452 6547 11069 7637 10294 11161 9240 9753
1422 6058 10088
8647 14895 1296 14399 14460 14790 1326 14165 1425 13854 1952 1991 2308 2311 2470 3790 3059 13782 12369 4801 8651 4893 5499 6595 8150 7669 8200 9003 13413 11946 11097
430 14555 14868 14876 1427 13657 13680 13842 11371 2485 14594 3369 3767 4172 4523 13627 10629 4934 6176 5374 9383 5383 9748 10986 8581 11334 12488 6289 8275 6348 6567 8886 8193 10676 11048 9182 10321
457 11755 12625 12776 730 7252 9544 1432 5887 12086 12146 2667 1738 2635 3912 6886 4844 5726 6513
1435 9685 10117 13209 2020 2425 5866 7602
140 14556 14755 14890 607 8990 12761 13846 8304 1437 13879 11867 1824 12936 14740 1946 2337 12426 2471 2963 3129 9146 3409 4232 8340 4350 5214 4991 10664 5278 8606 12510 5435 11728 5645 9638 6101 6941 11656 8194 11713
1438 7752 10609 14068 4036 8596 5500 5614
1439 6645 9558 9663 11121 1687 8831 9269 2692 5663 6414 2782 8406
701 8411 8916 12273 12799 14335 1524 9004 1582 7196 11915 3445 6014 13351 6939 3753 11029 4068 12099 7124 4917 6102 6714 6780 10188 8284 7313 8415
7396 1458 9778 10660 13356 4229 6150 7142
749 8920 12863 1460 3606 7015 12508 1929 6283 2561 5783 6981 10277 8249
11763 567 2698 8936 816 1462 7455 9891 11515 1075 10392 10216 2924 1879 4108 10414 6582 4859
12272 6121 12507 1474 12194 12941 13847 13887 1876 13373 2717 11123 11194 3082 3390 6096 3664 11667 4272 4559 4594 10178 6153
1489 13442 13634 2661 12878 4095 11805 5033 6335 10365 5942 7376 8115 7473 7657 9382
1511 9548 10193 11795 14576 2540 2643 3378 5729 7268
234 5227 12535 264 9575 11469 1521 9696 1860 7227 2397 8676
72 12743 13520 14334 548 12635 13582 1018 12783 8983 2882 3778 5397 5749 8668 12533 10334 9636 12371
1536 10472 13962 14352 1541 13567 1795 10642 3161 7017 3678 12699 4136 10460 5684 8691 6922 7438 7826 8444 8880 8887
7297 1560 11893 12529 14032 2243 11830 11454 2664 5958 3544 3756 4728 5450 7034 4632 10085 5080 8802 5221 5465
146 12106 12127 14134 239 9053 12933 14087 726 11127 3823 1298 10239 1410 9422 1564 4510 1583 2875 8418 11936 1720 10678 2227 3268 7072 3581 5606 4428 4950 6276 9630 5971 6088 8212
14601 14917 13651 365 7957 13057 14730 11553 14280 1162 6456 1431 1451 13841 13931 14418 12064 3704 2138 5895 12331 2271 2365 12816 2872 7965 8264 9212 6377 3677 11843 10933 7992 3722 11197 4132 4689 4984 9156 5007 5162 7786 5276 8712 6424 11447 6444 9500 8047 8167 8984 8549 9186
622 4322 6727 6926 1603 11684 12262 3658 8427 10778 3791 3973 6594 6651 6326 7899
5285 987 11579 11827 13577 2382 1955 2488
13707 14899 85 445 9488 14163 14957 13870 472 11416 13320 14447 10518 9067 893 10968 14116 14879 11964 10014 8689 1337 13478 1469 11291 1497 13483 1638 8229 8923 1956 7362 2424 2638 9580 11950 11698 4227 4284 4340 4384 5609 4645 4672 5122 5952 5212 5213 9089 6061 6156 6955 7056 7278 7987 11460 8884 9637 10195
463 12290 13804 1639 6986 7855 3206 4911 4045 4683 4490 7251 4969
9567 303 5393 11380 13468 7093 11837 1184 11504 11649 12051 14254 9251 1658 14428 1761 12152 2231 8209 8104 10572 2342 11835 11315 3116 6354 13133 3149 6806 7685 4024 10362 9650 5345 11793 10141 6066 9070 7128 8410 6441 6684 7939 7218 7237 10771
13154 197 1647 3045 13839 577 3540 11707 685 10722 1218 10377 11348 11897 3312 2641 14486 1751 4807 2515 3762 7629 2833 10867 10320 6555 9081 12280 3623 3880 10411 3904 4617 5847 5391 7486 7144
12228 2002 1651 9780 10893 14432 1713 10465 12409 12720 2195 7668 5600 5700 5829 8995
5168 13211 1655 7848 11165 12368 2237 12031 10901 12354 13049 6605 2973 4382 7949 12157 7982 4539 4924 7375
14390 11954 1659 11437 11490 2754 12069 12175 3091 9293 3941 6451 6568
1663 5808 10226 14281 3185 9623 4028 8543 4185 11071 7772 6162 6462 9513
1151 14063 14982 1153 11986 11327 2975 4528 3944 11618 4356 8454 12072 8792 5803 9881 6616 10224 8352 9292 10768 8696
103 14531 14772 14886 12942 12070 572 13129 907 13232 13273 989 1297 1506 14157 14113 2312 2535 9178 2950 3300 3340 13003 3536 6360 4324 5962 4442 5181 5902 6395 10105 7435 6997 7303 7317 9426
10273 6298 438 12101 12597 13213 11820 2130 1481 1718 11140 13178 13285 4503 7712 3334 3616 12435 8683 9206 5273 5625 12548 6746 7021 10618 9314 8315 9494
10520 2381 1722 13088 14319 14605 2053 3516 5660 11679 6853 8238 8295
14716 86 9821 12795 379 11417 13910 14606 2666 7641 690 12163 13000 776 974 4119 10240 11027 12376 13497 1783 11905 2174 13100 3832 7731 9640 10263 10315 13288 4892 4953 9554 5372 13025 5406 5687 12860 6044 6257 6515 6769 8118 8314 8564 8633 8814
14835 13346 1746 13621 1862 13371 8242 12562 1969 2238 2359 3491 3786 5876 11849 8186 9158 10976
437 6190 7718 12166 1754 8273 10012 12012 2881 9011 3058 5261 3831 8807 7355
772 8045 9724 9905 1227 1760 6738 8218 1691 6167 7304 2762 3342 9025 6304
1010 7932 8308 8874 10007 1779 6724 10386 4086 4094 4987 8056 5468
13008 119 13810 14092 14346 2589 10707 1782 11183 13096 2740 5143 3392 3402 11464 3455 4022 4254 11973 6520 7300 9132
3518 1789 10697 11180 11974 8250 3510 10937 3706 6398 4525 9008 8798
135 3308 12235 13913 353 12449 1476 7184 9925 1793 12304 2707 5916 9817 3660 3856 3981 8023 5885 7678
4515 1485 5727 6803 14248 1800 9448 10859 2111 9727 2639 2697 3881 8204 3321 10693 4660 5295 5961
11907 8266 7316 13756 1620 12785 13925 14161 2733 11174 2981 12264 3797 6292 4182 7687 6184 8758 13347 9087 8878 9403 9420
12240 14230 109 13721 14243 114 7962 8762 14936 6460 1109 14410 1542 14166 1916 8290 2450 5154 6385 10455 13378 13830 10295 3453 10016 13769 3761 10733 3858 4049 9690 4090 6540 10552 4731 4780 5047 7884 5346 5562 11762 9932 6314 11832 6802 6958 7085
9470 11341 9761 9819 1816 12457 13872 14729 2033 12804 14378 2137 12324 9467 3399 11906 13295 13202 6050 13656 14013 10192 11508 9988
1822 5897 7767 13941 2462 5704
7255 1508 5540 9414 14050 1794 1827 11326 12845 10495 2006 7484 8767 2608 11402 3273 11146 3323 8631 3679 9142 11177
8624 13857 1832 6880 7728 13268 1869 9868 10844 2358 5297 3075 9716 10796 6303 7197 5029 11953 8498 8146 7515 8997
41 5018 11740 13924 710 4138 11572 12541 840 7872 1837 9531 12366 3189 3737 5530 10586 3841 6478 7723 6699 7369 7766 8166
738 308 6711 11249 13184 325 5175 8575 12242 521 10112 11720 4607 1838 9933 4296 8603 10611 7028
1859 9485 13688 13889 2559 10436 3017 7974 3853 9255 4650 6011 8735 4919 8491 5343 5514
102 4629 8171 12641 13261 3333 391 9996 11800 12898 8714 3359 1866 10650 2127 10858 12302 7555 9756 5100 10118 6284 6164 6191 9939
1872 3700 3965 9579
298 1144 3016 13280 1001 8449 10959 11721 12105 12263 13566 1329 1657 1875 11322 2291 5834 3980 7709 4810 5566 5936 8598
9217 6587 9194
213 1936 11451 13670 347 1802 12334 10408 14263 1690 11203 14479 10747 13203 14512 1893 14412 2051 10232 2059 2270 6209 6365 9515 2817 8950 3353 3729 10061 3814 12341 7914 9689 4878 10487 5593 10719 5981 9994 6171 6660 7136 8989 11719 8246 9993
14764 13725 1478 14338 14761 1522 1640 1896 13728 1977 1984 2503 2526 2534 2760 9893 5758 5932 6229 8388 7660 8013
151 3380 7499 12852 14139 1904 4821 10542 10479 2905 4954 11989 12351 6973 7078 6833 5769 10378 5973 5976 9830 9482
13022 7059 756 14540 14849 967 6563 6604 1003 12102 7967 9596 3377 3423 9882 4942 6124 11285 9927 6487 11666 6613 8208 8132
14932 1613 11706 14592 1908 11401 14129 2095 11267 2202 9866 2758 11400 2860 2896 3270 11356 3417 6760 4570 12582 4761 5822 11520 6945 9145 10522 10119 10100
7570 275 8965 13020 11948 2454 1239 6053 8451 9591 1909 6055 7943 2025 4580 12912 8641 3142 4723 3561 5279
8646 1914 9125 10492 11116 2606 3969 7493
1917 11058 11992 13935 14464 2636 13110 2672 3843 3845 11860 6777 4666 11726 4726 11056 5539 8021
13336 397 3332 7014 10051 12663 1626 5980 11124 1928 2848 11806 2167 4849 8681 2769 10829 6859 3490 6795 10351 9216 5722
13381 1937 4253 9924
12419 1965 2764 7699 8130 5013
156 5123 13164 14610 14861 858 2617 9621 10559 1361 12708 9144 1967 14495 2072 12746 2109 2545 13768 2486 2787 7479 10717 2891 8061 6145 3637 4601 10013 10535 12201 5652 6317 7095 7582 10927 9534 9997
12814 8754 1335 5761 7670 13161 13507 1976 11636 2336 9249 10912 4462 7691 4867 6756 7145 8583 5237 11221 10974 7559
307 9316 12085 12976 1386 10889 1992 2529 8781 7984 3077 3666 4960 7537 6663 3964 4863 7864 7556 11596 4937 6185 7049
7177 9279 2003 11147 11256 11981 2807 3381 2820 5690 6501
565 4592 12456 13431 1234 5079 1369 3715 2000 2007 11178 2011 8111 2156 8040 8330 4310 3351
552 7866 11038 14560 6240 1973 8690 12211 2008 12969 13013 2094 3785 7310 7025 3461 9252 3682 5878 6707 6601 6643
12326 8196 4168 8932 11320 13629 2774 10583 13555 13661 2777 3033 3140 9793 5039 6394 6979 9424
629 12188 13322 13798 1275 4221 13655 14288 1284 1356 11425 12091 1401 3802 1846 2066 12345 2514 4492 10262 3548 5640 6028 4091 4269 4735 6299 6911 7329 10657
9455 2295 13177 1167 6242 7241 8948 14574 1295 2030 11669 13636 14722 14137 9518 5454 1648 11608 14914 1750 11819 11997 12733 12587 14424 2067 13418 9344 2161 3930 2251 2682 3242 11776 3274 3299 3361 11863 3437 3574 9783 4536 5083 5431 11021 5666 5764 8085 5934 6340 9751 6481 6533 7272 7087 8737 7471 7774 10102
2083 12545 13146 13292 10892 5654 11689 9952
117 5146 10502 12647 162 10954 14024 14282 14884 10498 924 9381 14235 986 9838 14266 1264 9589 6675 5815 2077 2087 8722 13911 2408 5089 6646 3108 7524 3892 4328 11715 4832 11949 4990 5627 5333 5613 11727 5809 5872 6370 9514
12836 12042 570 11014 14695 697 12868 14205 2114 8392 9409 14101 2405 7804 13076 2447 14183 2473 11359 3056 3262 3734 4347 14011 4114 6813 10979 13349 5538 10903 5617 6086 8468 6291 6300 6761 7737 9661 7414 7592 7599 8890 9629 8502
519 3043 7738 12454 3732 14907 1252 6930 10729 13822 1744 11756 14236 1998 4663 6173 10008 2031 8259 2133 8294 13777 2524 3412 10527 2544 7898 12574 2616 6666 2819 11096 3297 3498 3816 9704 11034 6108 10131 12083 6731 9434 7646 7182 8629 9926
9032 253 10319 11846 12638 5567 12855 2374 9209 13324 13937 2755 12568 12918 3327 3738 6293 8329 8070 8852 9057
150 9391 11466 13179 7607 488 9551 10375 523 11901 12892 1315 12155 2212 11206 6852 10003 4393 5448 6677 8998 7187 7500 7534 8931
13359 13385 8539 2148 12294 13467 13795 14815 2184 6250 2324 8703 13967 14054 2413 5459 8688 14427 3306 3313 10579 3346 3349 8151 10922 3568 11143 3749 3822 6565 3922 4003 8780 4514 6948 7101 5896 6386 10079 11365 6625 7733 11207 9045
245 7667 13729 14332 14217 856 8909 8922 1470 13702 2614 2155 10443 11133 2391 11590 3068 2838 4044 11750 3131 3383 9386 3233 3590 6252 8287 11053 4038 7096 10031 11289 10998 5274 5788 6218 8005 6361 7261 7134 8252
12023 682 14374 14741 1711 9327 4644 2166 12757 13790 2334 7789 2613 11858 3576 3730 6721 12065 3929 8724 4573 12027 9719 6580 6906 7769 8473
2703 6499 2176 6138 10847 14734 10570 6038 8248 4637 8512 8992 5579 10245 7472 10037 7148
5699 2188 9928 10462 10740 12680 2849 3804 10080
2220 3691 8715 9412 3194 4532 8507 7908 11853 8868 4402 7383 8776 4829 7452 5280
7794 14128 14188 11006 14589 14765 2193 14443 2224 14515 11274 2464 14285 13736 2537 14192 12251 2753 14020 3362 3646 12987 6881 4137 12703 14069 11583 4620 12046 12960 9141 7675 8684 12493 10123 12744
12033 11841 2388 10524 11271 3223 11223 3331 11229 4713 6712 10592 7307
11013 65 14494 14864 14989 200 12767 13770 735 13435 14015 822 12004 9682 1546 13885 13915 1665 7714 2210 9857 8570 12564 2250 13310 14022 2292 10108 12643 2407 3389 3416 3424 11549 3429 3464 13116 3514 3654 3926 3852 4019 10934 4259 10872 5835 6428 7284 10746 7379 9651 9079 10748 9528
669 2288 8462 13190 9110 1586 8350 11969 13297 4184 2354 5187 3227 11424 3385 8506 3638 9043 8381 5317 8413
2274 13458 13504 13873 2329 11422 5597 9017 6042 6977 6597 8804 10613 8819 7775
2282 10172 11061 11240 3190 7923
290 5959 9233 11730 1611 7831 9574 2298 8336 10301 11120 3100 3798 4345 5706 5443 9918 7938
716 10515 11686 11870 4059 2276 7485 2318 10890 3760 3554 3585 9442 9134 3656 4320 6703
2322 10011 12608 3839 7953 8974 4139 6860
14380 9588 9560 8929 2377 9831 13063 2532 10821 7980 5174 8904 9605 6239 7238 8154 8810
976 8682 10643 11357 1678 13426 12887 2659 3817 3956 6152 4031 6717 4262 7495 8563 9491 4894 5868 7501 7946
11461 1484 8903 10404 12019 8896 12972 4908 2822 3947 6270 12288 5362 9126 5517 7331 7170
8665 4789 9270 11270 14615 6854 6875 8569
14647 9649 1217 12061 14234 14503 13187 1250 14692 3119 2476 13718 2842 14012 2932 13343 2967 3659 4235 4160 10536 4205 7419 4709 9717 5102 5421 8240 5905 6541 5919 6075 6409 11543 6758 6810 9446 7163 7585 7963 10337
2482 13032 13290 14272 2776 12006 2796 3566 4277 6828 9643 8198
11968 13531 13392 10304 2763 11517 13694 13943 2992 4056 3450 5656 11396 5873 6606 6934 7405 8002 9759 8153 8579
7 4130 4793 11199 13598 12053 1610 8973 2183 11778 2495 10268 13433 3183 3486 4491 8426 8659 3635 12325 4521 4533 5196
7288 9254 1041 8956 12392 13622 1374 10382 13111 1897 7781 13226 1900 11222 2505 8443 11744 3532 4668 5890 10597 5411 6978 9533
2506 7171 9357 13895 3181 5631
1504 13121 446 12604 14711 14797 13340 14095 2566 8930 12538 3167 14130 14509 3439 8319 3607 3686 12725 6652 3782 12055 10531 4980 9312 6187 9850 6352 12485 6439 9947 7333 7778 11652 8024 8027 10049
1414 11571 13131 14887 1464 10342 11554 12904 1559 11708 2887 11700 3989 4069 5284 5436 5445 5513 6656 9033 7248
9992 2014 11420 2578 7971 3549 3672
1703 13979 2142 10836 14233 9309 13080 14220 14362 1850 14487 2092 14305 14571 2383 2593 9743 12790 4180 3499 8860 3716 5784 13560 4435 8141 7924 6786 7601 9995 9477 11519 8991 9645 9658 9825
10309 14816 679 11815 13119 13742 5417 11993 1142 8764 10534 13120 14077 1719 13204 14789 14811 1768 12955 10596 1974 11075 12953 2239 8206 14386 10755 2605 12889 2899 6566 3282 3699 4423 4831 12075 5851 9795 6259 9347 6578 9860 11627 13570 13563 7342 8924 12752 8281 8576 11754 10622 9375 9289 10173
2621 8548 12150 13341 6577 7664
14777 11796 14955 10783 14604 2814 9334 12963 4732 3489 4115 5131 5390 5650 6574 12243 6589 7983 9317 11332
104 12346 12917 14145 11991 12555 2630 10006 12938 9631 2823 5455 4058 4848 5291 8049 6216 7018 10605
582 14363 14662 14706 9843 3042 9962 11786 2648 2727 3154 6225 4364 9009 5336 5923 9044 8537 10076 10385
17 10981 12169 14086 8872 10723 10311 786 13387 14529 1155 14268 14456 6137 2052 11316 12923 2645 14727 2684 3999 4799 4579 4995 5185 11387 5201 5571 5661 10280 8568 6762 8090 7741 10503 9525 10063
1100 8742 13945 13956 2671 3338 10634 4489 7648 5178
13640 10820 2676 10868 12886 3177 11794 13835 3291 4500 12270 3477 9114 5405 7476 7444 4818 8283 5073 5087 5689 7235 7256 11098
205 12227 13345 14016 528 10525 1015 5149 10895 1757 12410 1812 2688 12125 4882 10557 5898 8456 8928 9808
7463 3411 12906 13042 12421 12332 4000 10116 6856 5084 5692 11366 5740 10754 6030 6374
10020 2726 12469 13845 14525 3394 3648 5425 6878 8133
1195 9552 11940 12668 11831 2828 10636 11151 9536 4739 7896 4948 8790 9111 5153 6423 8964
154 11295 14505 14698 14760 254 9393 9012 594 8821 11623 733 13475 14036 825 13464 1899 10834 2215 6025 13757 2385 2843 5820 14275 2916 3098 3165 11298 3458 9207 3919 8556 4426 4742 10278 13587 4819 8472 5009 5451 9430 5674 5805 7869 6032 6602 8885 10206
7245 12284 3164 7920 11337 4117 9091 4292
436 3709 10397 11918 2989 2081 2491 13050 2263 6266 11640 11599 13365 2888 10143 7377 10381 3589 7389 4895 4234 6023 6438 5424 5799 7940
9479 14671 13485 13597 2893 12406 13618 3053 13235 3473 4375 12656 7279 12192 5259 12932 6848 7050 11955 11789
4992 14634 1377 12289 12478 13130 2268 5034 11619 2907 12306 12679 12745 14771 13006 3208 3698 3614 10574 11175 9039 3876 7122 12753 11185 4385 10543 4497 6585 4529 10219 10074 10915 4840 10039 7853 8093 9005 9703 9210 9765
14368 14984 2960 696 13988 952 14436 14569 14500 13148 9049 2780 13739 7308 11032 11985 2987 3867 4604 5124 5208 10106 7417 6996 11873 8850 11784 10217 9460 10213 11816 10960
10736 2970 11397 13530 14029 3751 6033 8361 12216 3826 8156 4018 10806 11653 5195 6009 8879 5941 8730 6920 6994
371 13396 14850 14891 484 14482 544 2675 11558 14490 759 12176 13511 848 3934 14121 1209 12383 14573 1801 1825 2971 13732 11263 4304 4704 13272 12416 4889 13749 4964 8530 5821 13055 6857 7431 10540 6798 9912 7639 8108 11389
13723 11095 1172 12640 13665 1302 12966 2943 1589 5775 1717 11299 1870 11477 2071 2974 2338 2751 5845 2818 7060 11807 3031 3454 3857 5350 7198 6319 9088
9614 487 13954 14385 14572 1390 13375 1527 11395 4781 10679 13095 3106 3667 6215 9545 12611 4998 7206 11780 9436 9702 9978 11265
7508 1847 8425 9105 11855 2996 6046 9310 11838 5134 7346
14663 845 13735 14298 8191 1500 13764 1721 1923 2525 12486 8195 3294 9752 4283 10581 5354 5596 5621 11399 6281 6655 9339 9946
293 3909 13218 13561 3041 11020 3191 6720 7090 9541 3905 8869 4313
9404 13476 3044 13647 14126 5040
12781 14775 3451 12858 8617 11391 12328
3105 9169 9987 11909 12344 9451 4782 7519 8645
3205 7807 8789 10169 4367
8913 14438 2139 8484 10283 14499 2330 11783 14153 6557 2826 12649 3109 12769 3290 12367 14457 3968 11307 4209 5251 6734 9066 6090 10271 12104 10585 8605 10770 10046 9666
12250 3344 4424 11650
1190 423 12503 12639 14582 2434 10291 2629 4110 9342 3434 5977 4023 6035 6192 5830 9556 5318 9325 6384
240 5415 13877 14041 707 10009 11409 925 10690 6688 12650 11904 2954 3583 11076 4788 5031 5466 6321 6397 9876 6464 7713 10607
13040 3622 4589 8906 11894 4671 5093
6117 2441 7070 14657 3021 7016 10237 3625 9790 9875 4455 7708 5570 5889 5734
496 13140 13831 14142 978 13329 3855 1962 11787 2163 3665 12826 13038 4850 5531 5969 6843 10212 8143 8461 8759
14244 9794 8412 13150 2520 14853 3673 10853 14252 3810 10739 4187 12882 4701 10180 11018 6815 9945 6364 8514 10758 10628 9625
12829 2779 10251 2580 3160 10815 2713 3764 8010 2911 5926 6488 8653 3680 5103 7302 9115 7327
638 7680 12880 14357 1129 11164 1164 10956 12464 1183 12806 1745 8262 12404 1892 9345 1997 10243 3326 3766 6453 3803 4118 7061 7054 7955
6 6290 8375 8390 11977 529 2479 10682 13578 1537 2437 5369 8783 2380 3801 12423 12319 8369 2624 3139 3252 8416 3811 6740 7512 8210 7152 5644
9683 12137 12451 13495 12763 10548 3911 13234 13996 4467 6457 9355 7020 8963 9787
7726 3952 7739 11621 11933 4007 6450 9832
10869 280 11570 13298 14859 403 4572 14018 971 10964 2090 10396 9399 3974 12337 4043 12434 12871 9433 5253 5480 5676 5947 10501 6933 9092
11647 982 1664 8345 9547 1867 5588 9385 3355 4134 5049
6073 3002 4568 5946 11978 13277 3442 3726 5361 4199 5351 5995 6944
1193 11548 12885 13370 2158 13306 2162 2403 11264 5725 2416 2725 8694 4260 11367 4331 5736 6659 10168 8644
537 12200 13818 14431 8794 12241 13030 1555 2947 12660 3010 3506 4282 11226 5170 4509 4927 10793 5338 5917 6341 7540
501 7421 12362 12954 2423 1098 10293 11478 13078 4614 8178 2539 8071 11358 3175 12513 4355 7116 11479 7749 8741 5114 5602 5290 5437 7364 5419 10097
844 4152 11219 14866 9940 2869 13009 13160 8119 11781 4439 10888 12084 12666 8417 5027 6546 9162 6747 8055
13135 575 2738 13556 14251 969 13068 3373 3604 10312 4460 11931 5306 6355 8094 11681 10632 9441 9886
3226 13792 1874 11533 12159 11921 5554 4669 10899 12479 11002 5206 5524 5636 6796 7659
10265 11119 1277 10042 10388 1702 10432 4777 6021 10480 6148 9313 11506
14570 545 7156 14474 613 10631 6367 1730 12857 13759 14624 13106 2004 2086 9960 2246 12959 10712 2878 3225 10352 3459 10383 10438 3688 12760 4610 8117 4817 11630 12198 11912 7546 5375 7223 7270 6067 6273 11050 6403 9332 8213 10389 10881
152 1436 14257 14974 10706 14342 13565 12823 2501 13599 3232 3236 9356 4213 4414 4912 10162 5173 10713 5642 6429 8225 6440 11403 7130 8842 9922 9387 10052
767 13874 13903 14354 920 1076 1842 11625 2795 8478 4702 4065 6059 9408 11141 5632 7437 7174 4929 11236 11277 4988 5120 10096 6100 7183
9483 9287 12009 14330 2596 10078 11644 2623 9023 9958 11328 4186 8743 9858 5088 7401 7558 11459 7098 6683 11471 8197
616 5537 11658 12245 1032 6704 1443 11037 1934 4546 6346 5265 8271 5216 6545 7571
9542 206 13045 13832 13837 1091 11039 5651 10359 9048 5342 8173 12129 5731 6043 6443 8693
194 4348 11408 12931 1166 6698 1503 3469 10600 2812 7361 9487 3214 5776 3432 5574 5608 6368 7129 8876 6510
12908 13307 361 13609 14478 14675 12637 13914 874 14664 11394 1393 7776 9457 2386 11891 2734 12916 3003 14176 4006 7593 7535 4630 4918 11148 4947 12431 8359 5446 10115 10555 5549 5747 13744 5972 6147 8432 7944 6754 11616 10332 7494 12716 7814 10684 9202 9622
7390 12316 804 13098 13987 1189 6313 10490 1433 3562 3647 4321 8325 9139 6946 6961 8766
281 654 9884 13471 6404 892 5512 10884 1272 11671 1571 2379 6794 8801 2721 4811 3410 5792 3976 4590 5908 8285
16 12448 14355 14801 14071 398 13454 443 773 1368 12979 2387 2602 8503 2965 12487 3500 9124 10109 4013 9733 4141 8951 9435 5759 5912 10419 11648 5994 6416 6494 7568
14802 1910 10459 12514 8980 6161 10142
421 13791 14537 8713 1565 12738 1727 13388 9493 2884 12659 3449 3467 4582 10616 6165 10140 13084 6624 7888 8803 10330 9602
1137 7886 13811 14818 1673 3735 2194 10516 6260 6991 7803
12722 12636 659 14055 14274 14670 13794 1528 5750 13969 14774 13477 9338 2571 4341 2859 14429 14628 10561 3090 3151 14255 3162 5998 12149 3280 6620 3780 13034 6382 13646 11156 8362 13500 4830 11239 11374 4861 5074 5516 5795 7922 6692 13406 9411 7263 7572 10475 12164 7925 8137 8163 8453 8716 10287 11266
14384 13865 1614 9243 6482 7671
9160 14213 2061 13890 14744 2701 2834 3072 12926 4699 5560 4868 6722 11880 11923 8351 7597 7636 10738
9480 695 10904 10926 14122 1036 8014 8628 2552 7434 2935 3557 6736 3889 4676 6034 5741
11382 698 10151 12525 14465 718 5247 5308 13440 1002 13706 13888 12193 1051 13883 1221 6241 1578 5010 10651 1696 3644 7229 2123 11055 11585 2418 4744 4738 2480 2866 2934 11336 7702 8183 7594 12214 10032 11253 7666 6509 7999 6725 6888 12171 7222 9452 8859 8834
7547 12144 1019 13097 13220 13402 2792 4903 7042 8873
4769 798 5321 10420 10546 994 1814 6002 8966 1300 2949 11438 10913 4104 4857 4885 7053 8020 7103
382 13073 14100 14735 481 13608 1005 7832 2272 2361 2642 10129 13200 6690 11952 7240 11201 12170 8144
45 8623 10715 11799 247 9262 10589 11128 489 824 5233 561 1278 8837 1446 3125 5659 3710 4255 9171 7083 5833 7966
861 10336 13938 14265 1944 12922 13607 3701 13102 3942 11005 5950 12310 6765 7057 10363 7605 10043 7695 7735
563 12275 12355 13405 777 1215 11975 3272 7761 7894 11774 8255
14435 1285 605 9805 14923 14934 11376 1398 7488 12066 2032 14389 14807 5752 13773 4642 2326 10649 13512 2355 2615 11929 3653 3848 5688 3914 4014 13815 4494 9949 5787 7763 6268 12784 6506 11377 7132 9407 7736 11609 11998 10880
326 11934 13541 14587 7833 7373 8265 2352 10086 2590 13058 3553 4652 4410 8226 12756 4754 9055 4822 6013 9814 6530 7870
7121 942 14696 14717 14911 948 1082 1169 14481 1301 2190 2452 2690 9841 8217 10818 5234 5349 5595 12989 5983 8109 12843 8752 12598
8960 178 788 12832 13108 13554 193 10258 12866 13094 255 13952 9902 13125 1124 12185 1516 10045 1625 6272 12834 14336 1843 13444 14301 3357 2742 8149 12447 10727 3398 3697 10329 4048 8068 4687 8522 5901 6846 7339 10702 7583 10965 8270 10644
14832 381 14202 1358 13360 1471 2076 13660 2198 12957 2483 2816 3030 6426 4197 8643 7930 10737 8622 10775 9445 10176
14229 14798 402 11224 12321 1168 13029 7311 12789 5915 9713 7989 10883 7619 8763 11189 7934 9450 11499 10809 9188
49 13975 14461 568 12875 13269 2024 2280 3276 4276 9177 4820 8987 9501 8157 11848 9800 9874
743 13923 14321 1114 13223 2548 11162 8656 3495 12894 3662 4112 9462 10161 10943 5494 9522 7150 11545 9563 9851 10711
583 14409 14691 14838 812 1112 1347 14215 13994 11597 3430 4010 9568 4654 13142 8485 8475 8534 9258 13026 12517 12276
426 14090 14518 14919 709 961 14148 1031 1088 12208 10171 8372 2289 13836 13733 4563 5357 5410 12467 13169 13321 10124 13214 12197