1 12522 12617 14109 407 7178 11343 12549 2307 9659 2461 2529 10228 10425 11676 2876 2947 3426 4131 10067 9463 5866 7055 6548 7837
2 10652 13843 14493 1876 9512 11260 1882 9027 11671 1973 12724 10083 2496 11710 13860 2577 7416 2644 3169 5158 7750 3255 3788 4035 6821 10621 4365 10181 5020 6359 5159 9106 6854
4 11593 14131 14599 167 12359 12824 13919 14311 7656 425 6522 832 13750 13754 14021 935 14187 12024 7533 7906 1863 9647 13787 2223 14044 2287 2293 13114 2345 2756 3039 5543 3784 10312 12253 4253 4827 4886 5149 10997 5528 5921 7890 6617 6793 6804 6923 7190 7208 7354 7628
6 3810 6111 8592 8901 2572 4139
7 8659 9475 13356 13598 543 10745 13433 4491 1610 3729 12053 8734 2183 2495 5196 13625 2503 3297 10414 11778 3635 8973 12325 4130 4521 4533 4793 8426
11 11809 12758 33 1754 9548 1756 2708 5449 5698
13 11678 13677 14078 14175 532 11702 1334 4684 8371 4696 2771 8533 2939 6388 3506 3621 9869 7113 3779 9930 6559 4693 4824 10760 6983 8148
14 7369 11321 13207 14779 686 9093 2846 8346 3298 9971 10158 3721 10820 5548 5888 8405 7640
15 7119 12351 12573 13109 176 272 5989 4266 7930 4540 6538
16 13454 14355 14801 443 12448 14083 773 9893 1368 10419 2387 12979 2602 2965 3500 12487 6494 4013 4141 5759 5994 9435 11648 5912 10109 7568 6416 9913 9733
18 13683 14585 14661 914 10114 1061 13330 1650 4776 8519 2927 2634 2930 3862 12199 5906 10971 7645 11785 9352 10828 8888
19 13775 14437 14825 8493 163 12207 2398 10941 624 10185 14847 13399 1378 2168 12551 2247 2604 11428 2826 12010 3100 10316 3137 3157 3492 3890 9490 4387 4487 4631 7097 7582 5025 6372 5340 5663 8945 8075 10839
20 12396 12771 12827 306 13018 12793 1362 3431 11928 10936 3880 4210 6953 8765
21 4635 7381 8517 10264 1911 2153 6840
24 14636 14659 14996 12380 14720 492 14451 3741 8312 14783 770 9405 11962 1202 14840 1268 3728 13779 7693 1619 12360 2427 6876 2874 6947 2952 12584 3078 11888 3460 3480 12754 9063 3758 4231 8459 5439 5939 11480 12266 6213 6627 7002 7318 9138 7502 7573 7600 7828 10511 10247 9011 11241
26 11301 11323 13929 3682 3069 9849 1253 3861 11635 12749 1633 9943 4203 3028 3474 6893 3559 9921 7996 9331 9842 9916 4763 7314 7027
28 8946 9904 12804 13501 147 8471 9047 299 1403 9605 2006 10786 5331 7807
29 14520 14607 14995 93 14679 13427 198 13416 12747 569 14501 640 923 10623 999 1027 12558 12495 2019 2528 13206 12155 9153 3694 4214 4432 4736 6369 12737 12304 6903 12596 9823 7430 8738 11844 9540
30 12932 13937 14190 250 7374 1280 7243 13369 5402 1543 2162 3447 13450 4010 10674 5400 10371 5884 11122 6349 10238 8074
31 83 4711 12502 51 6159 12140 6234 9604 1194 6474 1391 4813 7226 3393 9592 9600 4001 4099 5883
32 9810 14725 14962 4671 13789 471 4225 14524 722 13838 14391 9644 1593 12469 1634 6330 13366 11406 13896 13157 10764 2269 13594 14858 2349 3293 3445 3463 7037 3983 13021 3986 10900 4149 7233 12739 5066 11186 11823 8066 6181 6376 11136 9428 10848 8008 9068 8188 9205 9270 10139
34 10697 12892 12919 13126 1450 829 10054 3512 4795 8170 4826 6233 7040
35 12534 14490 14584 56 5270 10977 14089 1038 14401 1241 4383 9615 1747 10026 2257 2284 2512 10205 11373 2821 13189 2855 2909 3093 11487 3303 5927 3422 5335 3481 6715 3793 8779 7581 5931 8214 6339 7931 8087
36 11673 13610 13993 9234 11004 1837 9958 2919 1925 9923 6852 5083 8044 10399 9766 6910
43 8887 10642 13962 703 7438 8880 1541 7017 10472 1795 6073 8691 2995 3161 7826 3678 6922 4769 8364
44 11851 14597 14912 441 5071 5018 9967 10122
46 7918 10208 11075 92 8903 8976 431 873 2134
14844 15000 619 12236 13142 14651 712 13181 13466 14938 13434 1618 14483 11326 2374 10435 4555 3600 3946 3657 7310 11119 7035 13247 4999 5456 11597 5503 13039 5735 6971 5878 10319 8029 12542 6608 11188 11107 7098 7448 7620 7926 7729 8129 11899 10360
48 9461 14168 14454 14649 89 11025 13762 7167 1821 12419 13735 2693 10730 13331 2797 4418 9437 4498 12300 4707 9377 8862 9754 8159 8299 11421 9021 9516 9632
49 12875 14415 14461 8987 2024 13975 2280 2510 3276 3549 4012 13269 4276 4820 5747 5838 8177 11848 9501 9800 9874
52 11336 12719 12909 6879 2353 8280 10174 2973 8395 9075 4002 7415 5005 4502 8341 4865 8876 5204
53 13593 14369 14530 14767 207 14392 355 14395 8910 557 14935 4551 760 12297 2648 1021 10142 14337 1499 1964 13492 1966 1969 12905 11470 2607 8100 3376 12098 4223 5067 5112 5877 9028 6093 10128 6949 9397 8162 8619 8818 11450 9828
54 12653 13275 14170 10469 654 14356 711 9239 9676 3879 1472 12303 1503 11402 2368 1605 2652 11345 3404 7351 10183 4818 5315 10630 5409 7821 7371
55 11110 12563 13128 1562 12894 1771 2100 12142 1849 6700 6436 8234 10034 9700 8354 7647
58 13249 14070 14388 11812 1180 8643 2297 14394 13301 3466 10784 12575 3593 3599 3993 8541 4016 4106 11093 5316 9570 7424 7521 8801 10120
61 11077 14408 14906 91 7571 517 8239 11468 1715 11651 2367 9175 10734 3005 10707 3006 3864 4321 7859 4537 9292 8552
63 13650 14637 155 6199 513 8039 10086 737 4496 1343 9999 1388 1421 3456 2410 2894 9815 3057 6765 5518 5711 9044
64 13137 14446 14975 136 940 7425 7649 13236 641 14406 933 12601 13997 1833 10138 4593 2507 10999 2706 2742 2879 13223 8283 4852 12067 4974 10222 5152 5785 6254 6421 6787 7262 7024 9421 7748 9221
66 4179 12156 14042 14820 184 10887 14031 334 8996 344 8235 8772 889 1101 9384 1829 5620 10646 10323 3154 10775 3267 8360 6636 4691 11262 4720 5991 8907 8036 8621
14412 213 3353 6660 14263 14479 657 11203 12341 14512 13203 4878 1802 13670 10719 1893 1936 2059 6209 2270 8989 2817 5981 3814 7822 10061 11451 10408 9994 5216 12334 10487 7383 7136 5593 8246 9689 6171 8950 6365 7914 9515 10232 10747 9168
71 12728 12903 14552 228 9298 13614 502 12828 1121 11824 13215 12882 3538 11923 3731 4618 4636 5430 6407 7915 9157 10081
73 13484 14232 14638 10274 993 13880 14238 1675 13626 1947 2747 3059 3124 3364 4076 4188 10776 4718 5509 6586 8553 6964 8046 12811 13649
76 11833 13596 14699 8095 286 13377 14367 11238 573 13700 4181 618 859 1792 2028 13347 2124 3194 4288 4549 12296 4665 12560 8282 7773 8260 11228
77 12073 12503 13397 8899 5029 1210 3528 6555 8697 7883 6973
78 12911 14323 14870 14908 815 14169 14991 1079 1276 12866 2087 7068 2173 9373 2205 9742 11560 2309 7847 14135 10533 3335 5951 13220 3695 12437 4171 6936 13408 4495 4516 4619 5581 6575 6623 7094 7149 7579 8062 11577
79 4688 11699 14203 384 12311 12949 13963 499 2010 9938 12329 13734 7842 931 7772 7698 6873 6333 2800 2983 3939 4061 8614 5717 4641 5418 10071 11369 8310 6618 9071
81 13289 14045 14523 399 12521 14117 14469 475 1394 1530 11489 13819 2234 2266 2514 13928 6099 4557 4294 11363 6223 6392 9804 7928 7993 11052 11184 11769
86 7407 11967 13052 350 7297 12265 2775 416 10094 727 5772 11128 2245 7079 5760 6265 6482
12141 531 14497 14633 571 13806 1773 11808 2484 12414 3266 4372 10945 13549 5472 12229 5536 7325 6812 10563 8856 7440 8565 7676 8597 9730
14151 94 14124 14668 14690 14880 14710 427 14056 14288 689 3195 14909 985 14376 1207 12217 1373 14080 13355 5812 1588 13260 14150 9681 2258 2597 2631 2783 2802 2810 9675 2897 12087 3258 4280 4577 5458 4909 4920 5242 12397 6079 8610 7228 10182 13430 8203 8277 9459 8298 8588 11615 10984 8675
62 7611 12592 14806 95 13825 14228 13938 4946 12148 1332 6114 14047 2043 12269 2103 13394 2663 10808 3025 3193 12378 4407 11916 7387 8615 5307 13117 6583 8186 9099 8866 9037 10223
96 7210 10975 14924 14498 1656 13488 14315 2738 9467 2761 8317 10021 13449 3083 7665 3341 3994 8952 4575 8690 11588 4609 5133 5463 5940 6896 6258 6402 8196
97 7429 13085 13800 14201 230 883 8077 10731 1454 8756 1755 8865 1759 7467 9438 2729 2833 5153 7929 8297 6811 10593 9471
101 13628 14527 14813 110 8871 11759 12260 13472 562 13405 14603 1085 14312 2542 1814 11319 1987 4309 11396 2034 11654 8028 2207 10939 14353 2217 11693 12433 3143 5529 5117 3488 3620 13092 3714 11000 4050 8053 9315 4258 13991 10423 7468 11976 13429 5582 6085 8358 7084 7005 7031 8065 7446 7787 7839 8031 8582
102 5100 12192 12641 12898 295 9996 12302 13261 314 1671 9939 391 10118 10858 903 3359 6191 1866 2127 9756 3333 11800 4629 6284 8171
104 8049 12917 12938 1398 11991 1457 10605 12346 2630 2823 4058 5291 5455 6216
106 5015 12652 13639 13917 229 10066 11430 8813 591 4730 1092 8977 12074 10231 3371 8673 6122 9963
109 13830 14243 14936 114 13503 13710 14859 14931 14230 1109 6314 1542 14410 10552 1916 7884 9932 10455 2450 14166 14248 2977 3453 12211 3761 3858 4049 4090 11832 6780 4731 8290 10295 13378 4780 5047 9690 5154 6539 5346 6460 12240 10733 6385 8762 6540 6722 6802 6958 7085 11170 11762 7962
111 8495 11567 12581 14372 185 11741 13217 354 7441 11564 5616 946 1951 13972 14289 949 8584 9745 1077 5791 10841 1513 1763 12619 11232 8501 2451 11896 12780 2937 10489 11010 3238 3547 3579 4201 3813 3905 4142 4956 5198 8429
14318 113 13506 13698 14878 2051 367 11908 14262 14316 406 911 9747 417 13867 634 13612 5662 12424 12408 13227 917 7643 1009 7921 11233 12112 12591 1067 1458 1604 9788 12393 2050 7089 2125 10590 11620 2892 5416 2895 3209 13019 3663 4348 4531 12997 5388 5825 5925 6309 7716 9976
115 12846 14510 14827 139 10467 13876 14195 10673 1116 8955 6296 12418 4951 2988 13720 3062 11076 3153 8875 12479 3407 14026 9261 5176 5483 13578 12239 6526 7734 7757 9350 9378 10727
116 12910 13065 9046 9725 7760 3135 10931 3210 4907 10666 5487 8293
118 3000 13363 14691 287 11269 12648 328 5630 11861 13728 332 8079 8590 13776 696 10817 10983 11705 1670 6345 13284 2079 5763 12279 2279 14185 5226 2502 13175 2898 8824 6210 13208 3309 9054 6160 4198 10855 12401 4412 4463 6182 9832 5341 10272 10921 8231 6116 6139 9492 6470 6635 8578
119 150 12372 13274 486 7718 9458 1103 3013 5869 4051
120 1243 8749 9336 8325 4405 5601 1286 7696
121 8794 13030 14431 537 12660 12881 13818 1555 4927 3010 12241 3829 4282 12200 4509 5170 11226 5338 5917 7540 7913 10793
123 13458 13873 14051 8819 4467 13038 4726 5597 6042 8804 7961 6977 10613 7775 9017
14769 14865 125 14050 14350 14888 14340 6094 3765 680 9226 14405 6614 1290 13266 11790 1898 9959 14724 10665 2432 13619 3636 14294 8704 4404 14781 5770 4846 9555 5360 10669 5718 5841 12480 6158 6493 10919 8490 6695 10800 12536 6807 9291 7335 10368 10187 7454 8520 8034 8537 8999 9735 9744 10427
10680 126 13689 14892 14930 14952 535 14143 799 13035 13899 1256 1289 1636 10405 2438 10398 2886 4925 4047 4117 4550 4967 11492 5492 7899 6068 11047 6902 7135 12048 7764 8508 10639 12432
127 8491 11911 14632 14877 1048 189 12444 14303 259 3560 1134 701 991 13513 791 11670 8849 3107 3304 8939 3632 6360 4564 5638 11749 5707 6062 5867 6282 6193 7203 7077 7967
128 346 12218 12399 937 752 7340 8442 8855 1224 10241 2294 2328 4512 2600 8650 8434
129 14062 14463 14782 482 13145 13826 886 13948 1033 14640 1099 13005 14216 2040 2581 13516 11886 4441 10326 4461 4792 9140 5151 5317 11791 5475 6220 8532 6595 9652 6965 7795 7026 7173 7211 7289 8680 9018 10598
130 6228 12759 13383 13552 1161 6406 2106 3071 7357 5551 9864 5848 7058 9654 6984 7558 8072
131 9660 11385 13350 9368 694 5704 10658 865 5053 12726 1376 9831 2677 13781 3612 3821 11195 3772 3828 3937 8481 9627 6993 5904 7609 8355
13769 132 5933 12984 13487 1213 6639 10328 3645 4825 8190 4961 9086 9888 5623 12044 6014 6913 6921 9802 7587
90 13805 14784 14902 134 12751 14911 14946 14967 11972 747 1293 1110 14365 1336 1383 1434 1682 2014 2204 10720 2517 12219 13521 3539 13489 3581 4329 11286 4339 4535 9669 4871 9861 5182 5558 10882 5685 11724 6838 7030 10121 7157 11351 8526 9148 9468 10136
137 4064 10686 13600 14347 768 5852 10645 783 9609 10422 10861 943 4147 2757 9222 3339 7033 3597 12277 4748 9266 4919 10584 11259 10504 7809 10018
138 8787 11375 14279 3065 1581 12845 2493 12307 2530 7290 12574 10268 11663 10369 4756 5720 5999 10454 10691 9671
6689 141 14034 14107 14186 14581 195 14757 14758 731 13813 1060 12985 12967 2286 11089 11333 3033 12554 13895 14733 3130 3325 7690 4066 4447 12913 12607 4380 7457 4519 9775 4915 8744 5185 13765 6207 6472 12850 6508 11258 6678 7071 7081 9416 10308 7388 7404 7861 7997 8286 10768 9807
144 6707 9318 10759 900 3953 6596 11272 1545 1745 2291 3023
8524 145 5846 12580 14295 14314 385 9321 8870 1672 11114 13892 14468 4103 3123 10197 8860 4757 10833 4842 5323 5329 9465 5828 8050 6295 9889 11822 7892 8833
149 7507 10152 10376 802 8032 9162 9758 1248 2799 4765
42 12261 13138 14704 14778 14154 151 14413 915 936 990 6847 11012 980 9454 1035 14030 1544 13194 1641 10682 11330 1764 10905 2018 8384 12482 2112 2625 3554 2678 2695 7107 3051 3104 3249 10700 3613 11432 3629 6549 6505 4581 7051 4943 5205 6537 5619 9394 9879 6998 8831
152 14657 14658 14974 10706 1436 12823 8842 4213 2501 14342 4414 3232 3236 14257 9356 10603 5642 6429 6431 6440 6766 7130 10162 8225 10713 8477 9387 9922
100 13870 14507 154 12317 13611 13083 921 1220 13337 1223 1299 1488 1932 4187 4305 5389 10883 9351 10701 9859 10282
156 12708 14210 14861 331 9144 13164 858 1967 1361 10717 12201 14495 9534 4601 2072 12746 14610 2109 2486 6317 10535 2545 2617 13768 2787 2891 11112 10927 3637 7953 8061 5123 5652 5923 6145 7479 7095 10559 9997 9621
161 10157 10860 13974 2560 9395 3328 10161 5303 9152
165 13810 14339 14409 14680 289 315 14284 424 880 1013 1360 2856 8949 3588 11528 3752 4080 8064 5298 5506 6698 8983 12685 9998 7219 7548 10813 7784
171 13286 13428 14646 383 9852 724 12492 823 7214 9229 1129 1382 1811 10107 2067 2169 3392 4913 4011 4351 7876 4828 4910 7677
172 6763 9706 11281 890 3215 12627 2716 2656 8829 9732 4844 6532 6904
179 6005 6858 13250 9667 706 5377 1389 1384 7080 9896 6368 11722 1523 7865 10708 11064 3736 6634 3807 9741 11072 4326
181 6244 9212 9822 12530 926 5427 3253 5810
182 1726 3851 12578 14654 852 1553 9687 10400 2593 3486 9014 3686 5442 4978 8289
27 10565 14484 14814 188 4805 12206 13877 13881 520 9773 11139 11622 10344 1107 12971 1120 14547 1204 1433 1642 10110 3060 10341 8525 4725 5691 10767 5968 11632 4962 10190 5183 10830 5629 6885 12538 6849 9074 6301 11168 9129 11068 11587 8331 8302 10320 8649 10662 9566
190 14338 14361 429 14028 1175 1566 12382 9927 1957 12867 2165 2340 6784 3374 10599 4936 4939 5777 8654 7800 8881 9127
82 10794 12384 13982 191 14590 294 14172 450 8368 11877 1788 12203 984 5945 9791 5440 11825 14619 1845 14155 14635 2401 2611 6288 8389 12705 3591 3958 6900 13219 4622 5857 6732 6249 6271 10992 7158 7451 9769
178 2513 12834 13952 14336 193 10258 13444 14301 255 12832 13125 12185 10702 8522 788 6826 12447 1124 13474 8068 1625 3357 13554 1843 10965 3398 3697 8149 13108 4048 4431 6272 4687 10329 5901 6846 9902 8960 6901 13094 7339 10045 8270 10740
197 3045 13839 14486 13154 577 12115 685 9713 11348 1218 4617 10411 3312 10722 1647 11707 3904 1751 1983 2515 2641 7486 5847 10377 11125 10741 7144 3623 11718 3762 12280 4180 4807 7629 5391
199 1614 9243 13865
5721 12128 204 12681 12700 6816 1350 11758 1689 10495 6550
205 13345 14016 528 11180 1015 10895 1439 8456 12227 1757 10525 12125 2688 3515 4133 8928 9808 10557
14223 5615 8662 12586 1178 11149 14375 4421 11009 13676 1975 10926 13859 2745 13017 11204 2912 2936 8247 3081 3557 3670 12511 12707 10350 12621 4753 4797 4816 10017 5019 6178 6748 11788 8954 11606
210 13633 14261 14749 387 13553 14225 927 10798 1226 12778 1370 4700 2003 3352 9474 7686 3542 6247 6379 12268 3556 9095 13171 4450 8054 11312 4771 4990 5584 7266 7569
211 9320 11292 14129 1294 1201 3740 10955 2980 6008 9619 6929 10450 4685 6749 8962 5109 9642 5228
14837 212 14430 14913 631 14988 14993 2327 14969 2691 13293 2993 3251 11874 3742 14532 14398 12370 14462 4440 4932 6809 6882 5739 5894 6031 6115 6203 7160 8146 9933 8274 9809 9180 9184 9295 9693 11026 11524
215 14076 14470 14766 9568 896 14795 12161 1620 14363 2039 2431 12518 3495 2962 3725 13328 4101 5631 12891 7264 11061 5932 7049 8210 8301 8617 9253 9882 9975
216 12103 13113 13299 327 6836 9041 4965 522 2458 5622 12494 795 2189 11081 973 1608 8828 11872 1056 5679 8893 6982 7076 1772 1988 10541 6637 7541 2356 3026 6691 6987 9245 7860
219 9992 13902 14602 297 12928 599 12222 12305 622 13898 1693 13315 2316 3438 4300 6445 5494 10903 6017 9166 9159 6245 9002 7201
220 12603 13188 14516 466 13419 13527 1557 13439 1731 13820 6184 4299 2320 13495 2619 2657 2760 9414 4546 4466 7606 5200 10993 12178 7436 6844 12276 9956 9174
13119 221 12745 14332 14667 446 556 13685 745 807 1683 1921 3483 4928 5173 5425 6015 6476 7565 11490
222 9022 9559 10610 705 8164 11446 7790 2435 3433 10155 4481
223 1929 5978 8421 11850 362 8116 8399 5042 9603 3718 2208 4587 6347 4443 5682
224 14686 14743 14819 248 9862 14666 418 14267 12540 1734 11393 13668 2728 11331 12608 2863 3074 3497 3522 8618 12999 4323 7004 4931 5580 6610 5728 6291 7133 7181 9427 10406 8103 11284 8311 11811 8661
231 11755 12146 12625 457 1432 566 6513 12086 730 8147 6886 1738 2667 5887 4883 7252 5726
14803 14529 11387 9525 396 13387 14268 14727 786 14456 2052 14086 12169 2645 2684 10311 3186 12699 12817 3999 6762 4579 4799 11316 4995 5661 10280 12743 10063 6137 12923 6568 7741 10503 8872 8568 10981
4647 241 13467 14427 14815 12514 11760 4514 14846 2184 11207 13359 2324 14054 2413 13795 3313 14226 3346 11365 13967 3349 10922 3462 5896 3568 3749 3922 4003 13385 4800 8539 6948 5459 10579 6250 6386 10079 6565 8703 6625 7733 8151 9045 8688 11143
242 10134 13667 14069 258 9440 13395 6861 3250 6797 3928 9670 3997 10372 9892 6106 10266 11866 9246 8253 9390
243 9587 13124 13585 269 12796 13721 592 10494 842 1516 6960 2599 11424 2857 4259 8292 9561 5571 11764 8172 8821
11289 245 7667 11590 13729 13702 1470 7134 10443 8005 5956 7636 2391 9386 2614 3383 14217 2838 6361 14364 11133 3068 11750 3233 8909 6252 8922 3590 4038 4044 10998 5274 6218 7096 8287 8252 10031
238 8694 10835 11798 246 3053 10812 10972 11533 2200 10459 10696 8550 5754 6363
249 11643 12063 13814 550 3575 9917 14310 1387 12626 9951 11303 1585 6221 1986 11113 1995 10378 12388 3461 3938 6383 6110 12594 8017 8585 10035
164 2626 8015 9290 9582 252 11852 13246 13622 364 4522 7400 10668 2116 1176 2979 6378 1551 5065 7879 1778 7141 8271 2260 10493 2847 3035 3347 5970 3173 8420 4897 3521 8378 6469 5591 5918 7746 8086
253 7857 11078 14227 929 8309 13285 8379 1233 2841 10036 6141 3158 5875 10415 13393 3457 7012 4254 11586 11073 6343 8986 6405 7663 7067
260 8920 12508 12863 9530 6475 749 9204 1321 1460 7015 8249 2561 10277 3606 6283 6981
261 12996 13802 13884 276 14196 1006 11053 11198 1535 13072 11427 2137 2494 10331 2972 9324 5044 10204 5241 5347 6251 6194 7066
266 12655 12944 13446 1534 3014 3472 9724 4594 8081 5327 8145 5626 9285 8377
267 7554 10991 14241 1917 8761 9560 3079 4896
268 2196 11984 12331 1165 2594 10434 1345 10536 11485 1923 9030 2285 7503 3789 10199 4354 7616 4400
270 5664 12907 14173 14746 11775 14259 1037 14025 1311 12539 13981 12712 12577 2426 8211 3037 5599 9190 3918 14017 4319 10570 4875 9265 8826 11453 5643 9723 5892 11171 7367 12342 8748 10509
273 5366 13302 14417 614 7610 8365 633 3085 10201 1308 9590 11252 11407 3475 2827 5115 8844 3529 3676 6603 4417 9237 5909 6261 9870 7052
8698 277 13740 14231 14307 14855 4661 415 13333 13731 490 3746 10230 10481 667 13469 13900 4052 7334 1090 1287 1435 10884 2650 3103 4762 9282 11573 12016 9024 5553 5563 9504 11589 10500 10464
280 11695 12167 9607 2151 7754 2231 6719 3413 8638 4275
281 6980 12697 12981 817 9215 2809 9303 9728 12870 7496 8802 6063 6366 6661 7970 9189
282 12012 12924 13146 14063 597 1742 2329 7801 11255 2946 3478 6874 5169 6267 8058 7990
283 11404 13966 14079 579 9901 13930 8768 1839 11340 1958 3239 7706 2564 9726 13632 4249 12358 11231 9934 9272 5654 5680 6771 8245 8438
284 4053 10906 12173 292 660 2910 3965
285 13973 14145 14371 734 13041 14177 14455 6255 5705 1482 2001 2443 11917 3102 4614 11733 5394 5665 7456 7846 11765 5924 6013 6208 8877 6931 8723 7973
288 6356 14159 14874 1716 12349 2976 11090 3292 4170 11038 4633 4436 4474 6381 8778 10641 6337
290 10301 11730 13023 1611 9574 10588 5443 5706 3798 7959 9918 4345 9233 5959 7831
293 3041 9326 11020 1539 5043 2036 3191
298 13280 13566 13603 838 12263 1001 8449 1144 12105 1657 1875 2121 3980 11322 8598 5566 10959 5834 5936
17 3436 14333 14390 1572 2375 13678 374 7630 10819 13550 428 14588 14745 676 12323 13878 787 11422 813 918 1548 1329 8968 9576 1496 8199 10661 1570 7977 1790 9103 2177 5612 2551 10198 3241 4242 5881 7755 9701 5743 9072 12298 7348 12165 10234 8599
8919 302 6654 14539 14596 452 14099 14549 10506 609 11484 14829 623 11488 637 14522 1008 14998 1028 13905 1205 1352 1446 10866 1684 5324 2242 3471 11208 12543 7064 10029 3573 3759 4029 4803 9563 5016 5135 5254 9073 5533 5567 5633 10519 8318 7960 8479 8400 10244 10135
311 14067 14133 14158 14440 10638 1815 12339 13985 14738 1918 13313 1954 12224 2302 2313 2653 3805 3885 4148 4560 11436 5501 8915 5319 5526 5686 5975 11641 11902 6671 7770 12179 9337
312 9991 11350 12659 12982 1930 8753 3465 3648 9347 9919
316 967 4942 14540 756 7059 11461 6563 11666 1003 6487 3125 6613 3423 6604 12102 3594 6124 9596 8208 10692 8132
317 12039 13417 13508 404 9287 455 2449 4821 2660 10176 4571 3482 6791 10670 6551 8398 5314 5381
321 11032 11914 13118 553 821 887 4312 6590 7174 7756
323 13151 14127 14358 359 8334 13955 370 8161 12473 1132 5930 1416 11444 1979 6020 2665 2759 7259 10777 3421 4458 3866 10192 11770 9160 4475 5229 5807 10310
324 14444 14736 14750 1782 2145 13904 2339 2715 12855 12553 4470 3869 12056 8335 9906 5816 5966 11099 11706 8306 8938 11413
308 521 11249 11720 325 7028 13184 13421 3192 8758 738 8575 12242 1838 4296 5175 3350 4607 3412 10611 6711 10112 8603
108 7875 10803 14587 12756 326 13541 754 11459 2590 13058 3553 4410 11934 4754 4822 7870 7373 9055 7833 10592 8265 8714
1748 329 14297 14553 14941 649 13695 13942 910 1774 13998 930 14002 1606 12730 1797 1981 12927 12805 3783 6219 3792 4600 4722 4811 4905 5429 8139 6576 6819 7413 7480 7887 8640 9598
333 14473 14593 14676 400 10508 574 632 11539 11880 6799 947 11571 1599 13509 4403 11063 2460 11817 4151 4177 4250 4485 5987 9872 13027 6336 10620 6918 7164
335 7338 9343 12031 12291 962 3617 2589 3609 6270 4904
319 12405 12477 13129 336 9330 13984 14290 373 613 7000 748 12154 12900 979 8092 12462 1338 7258 2457 10159 5004 5048 3166 11297 11922 3263 5813 3834 4476 8897 9926 10532 7877
337 8135 14683 14904 1066 12569 13212 1118 11467 12308 1477 10343 13863 13946 1645 13756 1777 13875 2243 2296 12768 2306 13588 2914 7350 3279 8863 10510 3479 3936 3537 10587 5126 8337 3987 13251 4727 12059 9989 12143 5413 5724 11031 9984 9634
9711 279 7180 13829 14105 338 11913 13357 13986 363 14519 526 12777 966 9062 1272 3846 13028 2487 5138 13451 3007 3550 10856 3602 8006 4189 4247 6870 4848 10711 6789 10963 12110 7538 8933 9164 9130
339 5437 7378 11933
1318 341 11944 12385 14048 13077 602 6741 13672 761 10028 12011 12983 898 7771 11617 1034 3865 12423 1309 4456 10447 1538 4675 1379 2798 1902 7229 12445 2101 9418 2723 7111 10084 3388 11088 11529 4143 4362 5920 8487 4993 5070 6734 5194 5903 9829 5634 8436 6231 7074 7812 8699
342 5992 8012 9493 663
13758 343 4084 11155 13216 9845 12071 866 3902 9354 1260 10595 12072 8911 2332 5556 10891 4547 8812 4057 9557 4216 4505 7679 9610 9165
347 8600 12021 12826 824 996 9466 7346 4616 7047 8528 6266
13630 348 9433 13699 13782 7162 1192 14751 1717 10233 10889 9955 2065 12182 2088 8180 9329 2618 4096 2628 2944 9818 3781 5299 5796 7277 9834 8736 10448 9085
356 368 12318 13361 13817 8707 9026 2075 2908 2928 7324 9772 3216 8296 9429 10996 4662 9167 5578 7882 6822 8182
203 13803 13989 14578 358 13510 14715 389 2830 8011 11456 514 12078 12286 12968 766 13725 1199 8706 14894 1529 12732 2968 9720 2400 13001 2456 2773 5371 13849 3269 10973 4246 5225 8423 5520 11103 11746 5853 8397 8315 13201 6598 7564 7704 8840 9620 9863
361 13609 13744 14664 461 10555 12916 14176 874 13914 14478 1393 12716 14675 11891 2734 12908 3003 9457 13307 8359 4006 9622 7484 4433 7776 12637 4630 4947 5446 8432 7944 5549 10115 5972 6147 6754 10332 11148 7494 7535 11394 7814 11616 12431 9301 10684
14601 365 14280 14418 14917 11553 11447 1162 9156 12064 1431 13931 14730 1451 2138 7965 13941 2271 13841 2365 5162 10933 2567 2872 13057 3552 3677 3704 3722 9186 4132 11197 4689 4801 11843 5007 12816 5276 13651 5895 6377 8984 6424 6444 6456 8549 8167 7786 7957 8047 8264 9500
382 13567 13608 13760 481 14100 8144 1005 13073 12634 2272 12504 2361 11952 2642 11201 5289 6690 7183 7832 8143 10471 8510
376 4576 12434 515 1115 4092
377 12002 13995 14922 10863 1230 5955 12690 1781 4544 10253 2093 10930 11854 6891 2390 10790 2518 8063 3055 7046 4173 4484 6862 9065 9611 6411 5111 9288 12748 5233 5461 12552 5510 10619 6863 8786 11117
379 13000 14606 14716 8118 690 13687 14653 776 6044 10240 974 13025 7731 11417 1783 12163 11027 2174 9821 13910 4119 2666 13519 12795 13288 4313 11905 4508 8665 9554 13100 4752 4892 12860 5687 13497 4953 5372 5406 8814 6515 6257 8564 10315 6769 10263 7641 8633 9640
380 6253 11900 14345 8401 1011 9558 12377 1251 7328 7858 6391 8708 4527 5310 9631 10825 7274
388 12710 13024 14994 7256 3386 13150 3923 8387 4740 4858 11120 5649 7423 8684 9406
14219 14960 12118 291 7321 14812 14821 14206 14648 612 13462 714 992 13505 1324 12017 2178 10290 1963 11130 2046 13352 13933 6246 10314 2240 2603 3535 2635 11777 2674 3224 10093 3405 12184 3651 10807 3977 9084 4191 7368 10483 10606 7561 5302 6728 5800 6125 6198 6408 10374 11534 6626 9909 12135 9005 7617 7942 8288 10744
395 9478 11455 13255 13390 856 9372 4638 4446 10491 4699 10016 4901 5271 10496 8462
397 10051 10829 12663 13739 4849 1626 11124 11845 1928 2167 11806 2769 2848 6795 8791 3490 8681 4568 5980
14212 398 12394 12773 7152 1623 13599 2492 2555 13575 2884 3955 6211 4854 7175 6040 6697 6959 8750 7398
402 4112 6432 7099 14242 558 4202 1187 2216 1228 5527
14161 13925 12785 2725 14583 2733 12852 2981 14087 3797 7316 4182 11174 6277 12264 6292 6352 7687 8266 8878 9403 9420 9087
409 13532 14287 14421 11885 1335 6313 14004 14005 14712 14856 5550 8218 2333 12120 11735 10982 2905 3145 12133 3415 12897 3427 5072 8441 5778 12550 5928 10479 6297 6544 6946 8101 12620 10069 8925 9830
412 10188 12379 11481 11403 1419 2475 9900 2755 3356 7850 8489
7765 414 12168 12489 12848 2591 11083 12013 4563 4710 10220 4810 6078 6916
420 14546 14714 14823 14900 483 10950 12122 14580 14703 576 12412 717 850 13745 872 14942 8124 895 9734 10544 2170 2230 6275 2406 12147 2520 12702 3435 3507 10154 3884 4082 11310 4416 5002 12094 7460 10255 11016 8784 7078 12213 7491 9213 7504 8123 11028 9771 12314
421 13084 13791 14537 950 8713 1565 6165 1727 7888 2433 3080 3355 10330 3467 10726 4582 6624 8803 10616
2778 422 14249 14857 14920 1306 14804 11846 2467 6303 7188 12172 2709 6123 10367 2824 2923 3523 3675 8404 3967 10802 11372 4772 6126 9296 4902 5014 10056 10269 6889 7466 6919 6956 7286 7366 10189 9495
124 11398 12386 14299 9884 426 11803 14053 14929 488 3785 7409 9962 662 12952 871 5507 11644 12320 1550 1200 1828 12490 8415 12315 1832 2347 6667 8305 11555 2022 2080 2465 5088 2816 3011 12742 3046 13008 3912 7823 4196 10184 7063 4935 4994 8376 5143 5598 5678 6327 7199 7353
13657 430 13842 14868 14876 495 9182 14594 8275 13064 1427 11048 14555 2727 4172 8581 2485 13627 11371 3369 3580 3767 10986 4934 11334 5374 5383 10352 13680 6567 6176 6256 8193 6289 12488 6348 10629 10321 8886 9748
432 13037 13761 14756 1372 13529 13848 11042 8648 8851 8455 4567 4877 8620 5952 5447 6112 6179 6899 7555 7819 7939 8937
433 1182 4997 8755 9348 1087 9553 11220 2225 4167 6584 2669 6362
11105 437 10012 12166 4719 3058 8807 3831 7355 12615 8020 5089 5485 6190 8273
438 9314 11820 13178 6298 8085 10618 12597 2130 13742 2543 6742 11140 12548 3616 6746 7712 12101 6030 4503 5273 5625 9494 7021 8683 10273 12435
7779 166 1743 13002 14239 12869 11057 13514 440 3871 10303 14010 14940 912 9142 9363 1185 7744 12287 1919 6774 2005 2041 9191 2015 10340 2290 7352 2378 7838 10229 2699 7988 12285 2750 7282 3076 6064 8521 3212 3330 3505 3899 4766 5096 11709 5268 5491 5605 8505
2300 444 13115 14623 14845 725 14397 13304 1186 9908 1646 12170 4584 7470 3900 3211 3286 3754 4411 13767 7462 4602 5590 11217 10818 6397 10260 6967 8729 7007 7166 9646 10299
85 8689 14447 14899 14957 445 13707 14116 14562 472 14163 14879 893 11950 4645 1337 6156 7987 1469 13483 1497 8229 10518 1638 11460 1956 11291 11416 13478 2424 10195 2638 3198 13320 7278 4227 4284 4340 9067 4384 9580 11964 4672 11698 4777 5122 5212 5213 9488 5609 6061 6955 6969 7056 8923 7362 9637 9089 10014
447 8993 9899 12717 12978 11035 2632 10338 5230 5385 6995 9961
14000 227 11680 14373 454 11513 12706 1674 13209 10296 2110 6808 2804 2959 13040 10852 5564 5639 6459 6990 11024 10795
12794 458 14672 14959 14990 491 1592 14402 1895 3494 4847 7018 5285 14003 5907 6535 14506 7062 10947 11154 14174 10211 11659
460 4235 12365 12765 14278 798 11865 1805 12772 2221 10547 2445 8232 11772 13426 6649 3868 2931 4008 5792 11943 9031
463 7212 9833 10520 1323 7782 8256 2181 4007
10445 13673 10474 527 13559 1512 6775 1817 2045 3768 2381 5106 8994 7937 3572 10327 12509 12428 10004 6492 6615
470 982 8345 12065 14283 512 8591 9547 1867 11647 2283 4134 4845 5588 8435
473 13607 14120 14265 861 8082 1944 13102 12310 3628 11005 3701 12922 4655 4724 11978 5889 5950 10363 7057 7605 10336 8777
477 11509 14245 14258 10288 5542 12402 13168 2829 9101 5569 10886 3712 13312 4054 12950 4643 13368 5348 10862 5990 6418 6679 7820 10804 6818 10814
479 14007 14630 14897 9196 14709 13557 964 14214 12138 8731 1736 12139 14950 11951 13947 2531 14049 14247 2651 2711 2862 9404 3218 3842 4483 9527 4938 5192 5255 11347 6693 7347 7529 8465 10970 9179 10300 13193
480 8644 13306 13370 12965 1193 7509 11367 11548 2158 12885 2403 11264 2416 3981 6659 4260 4331 5725 5736 5850
12568 11751 1794 13314 1841 11807 3680 3757 3984 10968 4790 5525 8444
2881 496 3091 5692 6035 1659 2754 3008 5779
352 7317 8593 9503 13197 497 9051 9423 11716 1039 2922 7447 1354 5078 6131 1408 12183 11131 3128 10027 4290 5731 6701 5522 10780 11628 5585 8864 8268
75 10353 10586 11019 12755 7220 500 9737 14038 14535 12590 757 13517 14810 839 12683 13801 1649 6519 1695 3943 8951 11871 2038 9269 2212 2794 12516 7088 2942 5057 10041 3277 5484 3323 3897 9216 11017 4244 4511 9199 4653 4945 5328 7458 5423 5976 8634 8536 7319 8060 9341
11358 501 8741 12362 12954 1098 7364 13522 2423 8071 11478 2539 12513 13078 3175 4355 5419 7749 5290 11479 5602 8178 7116 7421
143 3631 8482 9118 7205 505 3235 9545 10460 995 2182 7288 2920 6087
13901 84 11313 12734 14631 411 11304 11495 11963 508 14400 843 3796 6495 1140 1617 6928 10902 6600 1282 12160 13719 1423 7146 11046 12556 1453 1905 14260 1710 1831 1878 6708 2509 11311 2864 2865 8494 3152 4025 3916 11501 11518 9907 8912 5493 7126 6004 6751 7090 7633 8666
3 11559 14426 14558 296 13086 13766 14824 516 11405 14179 14559 14560 11739 11945 9060 5565 1307 10675 4596 1712 6217 12474 12612 8084 1818 5191 8205 1938 13893 2132 8660 2720 11411 3092 3419 10424 3649 8332 4060 9369 4155 9750 4245 7595 6560 5673 10497 11285 6465 6672 7682 7100 10916 12819 9247 11859 8972 9150 8747 8760
5624 10053 518 11836 12847 13326 909 1629 9304 3115 11595 4032 11982 7513 7580 8822
523 10549 13398 14726 14849 551 11022 12340 12962 14972 13291 715 9653 14538 732 6531 13401 1554 9982 12721 1807 1826 1943 4658 11126 10781 2102 5060 2527 7759 12526 2582 11462 13666 2902 9526 3073 3230 3402 9937 3951 4039 8971 8007 4318 4968 5677 5714 7315 8589 10111 5801 6410 8316 8043 6743 7478 10514 8373 9137
530 13988 14436 14984 952 14500 14569 1680 3867 10213 2780 11873 9039 2960 2987 3182 5124 7308 4604 11816 5208 13148 6996 7165 11784 9049 7417 10106 8850 9460 10217
533 3835 12221 12833 5414 1219 5287 9664 11439 12047 1834 3643 14098 1980 7172 11408 2082 4376 2091 7978 8567 12614 2113 8705 11008 12438 2203 10705 2211 7885 7802 3992 6757 4781 4972 5209 7589 5954 10738 8827
539 12624 13671 14708 14982 687 14191 14492 704 13075 13493 975 13011 983 13123 1316 10207 1533 2021 2154 2319 2444 2654 2714 2788 11414 2984 3029 3197 3370 3850 7952 4534 10822 4860 10530 5697 11381 7477 7576 9176 7688 8457 9966
13303 541 13185 13662 13912 782 956 1471 3378 4248 5343 6648 5982 12830 10716 11747 7811
544 13068 13135 13455 14251 575 13556 969 12820 3063 3604 8094 4110 4243 4460 6355 6599 10632 6927 10169 9886 9188
14474 545 10881 12959 14624 1594 6273 1730 10383 10438 2004 6367 13106 2218 2246 2878 4388 11050 12069 3225 2782 8117 12760 14570 12857 9332 11912 13759 3301 3459 12198 3688 4610 10389 9960 4817 4867 8213 5195 7546 9283 5375 10712 6067 7223 11630 6403 7156 10631 7270 9056
9473 546 1989 9308 11151 1179 4682 1765 1877 4233 4855 3837
38 9692 14064 14685 47 6593 9432 98 14293 14458 168 9193 10209 12872 547 6144 12698 14545 11797 5337 812 13897 958 12312 997 11166 1073 7514 1514 7701 1601 9935 1971 4469 13548 8098 2554 6264 2839 12764 2852 8709 3808 8133 4126 5248 7719 5967 6883 10732 10750 10170 9599
953 548 10676 10915 11362 9235 959 6132 1584 5856 3183 6778
2940 13431 549 2772 9010 14660 5081 708 11521 2522 1367 4884 1644 7881 1819 4150 2201 9499 9102 3921 5508 10394 4798 5082 10203 5482 5765 6781
559 3127 12195 12282 14001 1139 10030 5077 3924 7527 7557 8128 8463
45 1278 3710 5833 247 5659 10589 10715 489 7966 9262 561 8837 9655 2053 8623 4255
563 11975 12096 12275 777 7793 11774 12355 1215 11692 3272 8255 6856 7761 7894 10854
564 9445 9736 10129 989 1119 7680 3040 3114
12456 565 8040 12807 13853 1050 11397 1369 8330 11178 2007 5079 8775 2011 2156 3715 4310 4592 4989 8111
567 10392 11763 14665 816 1075 11043 841 9891 11515 10216 2924 1462 8936 1879 1994 2698 4108 4859
570 11250 12042 14695 697 7737 9661 14101 3056 5617 13076 14205 14183 7599 2062 14011 2114 12836 2405 2447 10297 2473 11359 12868 7414 3262 9629 3734 4114 8516 8890 10979 4347 6813 9409 5538 7804 6086 9537 6300 8468 6761 8392 8502
13494 6898 10876 13823 656 13605 13833 13978 837 9585 12658 10082 1081 13934 14093 14502 11049 14171 1598 13054 13681 1858 2372 10292 2209 9238 11505 6562 13459 2404 13653 2851 10125 2953 11604 5874 6534 4194 4853 11419 11857 4760 11423 5107 9431 11612 5641 5709 11353 12466 5824 6104 10457 6183 6937 7487 7722 9098 9268 10385
14731 771 13014 13526 14956 6579 1340 1660 2384 11878 3042 12022 3815 4217 4267 4435 4504 5094 10824 5364 6242 8561
581 4888 9090 14627 769 11111 12782 1395 8995 12319 6262 2141 3334 11598 3652 9107 4098 9969 10098 4746 6485 10742
7531 584 11958 12288 14182 635 11082 13228 891 12254 1281 11357 1406 9452 9476 1455 1505 4698 4862 4914 5464 7945
585 8596 10553 10609 753 8408 4036
593 11482 14796 14852 944 13066 14380 4737 11742 2262 2705 3064 12876 7805 3927 13714 4265 12571 11173 7365 5467 5481 9699 6630 11410 10635 9954 11132
510 1886 7249 13107 14791 595 11463 11491 12585 2583 8852 7799 4125 4021 4767 4263 5193 7525 4465 7202 5789 6045 7469
596 11723 12616 1622 6305 2016 2956 2548
601 13576 13921 14178 828 13923 1640 5628 1798 10728 13606 1851 2323 2550 12001 3097 3755 8653 5128 10402 5312 6631 5420 10463 6019 7120 8342
608 4152 12666 13160 14866 844 6720 9111 2869 12084 3002 6530 11781 10888 4439 6747 5027 8417 6546 11219 8055
174 14544 14905 14986 187 14921 7834 610 12481 12623 14961 620 11610 12718 746 7650 846 1558 11717 3733 6447 1070 13491 11309 9211 1852 7725 2350 2389 12497 2429 11135 12123 2446 2627 4097 2686 7311 3170 9972 3619 3883 4353 5460 4358 4364 6006 4451 5132 5140 5210 9256 9813 9562 9718 8604 9513 9705
10022 615 13743 14644 14707 1043 14419 14826 1467 1728 8677 2235 12381 2415 3047 2861 2957 8739 7483 9241 3872 10545 3949 6820 10523 4415 5166 10924 5823 6081 9364 6103 10370 10551 8483 6827 6907 10626 8497 10556
616 11658 12245 1443 6545 5537 6346 6704
621 12158 13353 13584 14008 1346 5466 2710 12546 7602 4289 4963 5943 6192 8671 7380 7522
112 13007 13323 14951 13538 552 11335 626 13659 13920 805 14088 1690 13804 1934 2029 10864 2736 3898 10911 7780 3425 8499 3569 3624 3717 10990 3854 4325 5257 5137 5865 11202 6496 9848 7092 8466
59 1796 11980 14459 14475 7721 504 627 13580 14513 13342 875 13784 11813 7363 2160 13179 14111 3708 8155 13476 3719 4308 10558 4334 4528 8808 12926 6814 7644 6992 7115 7137 11474 11390 7768 8261
13322 1401 629 6028 13655 14368 1064 1275 5938 4492 10657 14600 1284 6905 1356 13798 11425 12188 12091 1846 2066 12345 10917 2408 3548 3669 6911 3802 7855 7329 4091 4221 4735 6299 7678
13959 796 13346 14835 13371 1746 1862 2359 3491 3786 4394 10976 5876 11897 8242 11849 12562 9158
117 1264 5627 12647 162 11715 11727 13911 9589 14266 986 6675 9381 14024 1108 10954 12687 14235 6370 14884 2077 3108 10502 3892 11949 8295 4328 10498 8722 4832 7524 11921 5146 6646 5333 9838 5809 5815 5872 9357 7971 9514
642 6516 7810 8613 11961 13143 3070 8126 8555 3075 9392 10805 4124 5026 8799 10001 6850 10065
13564 644 10160 10779 12589 869 9593 12295 1830 2991 10571 2685 4071 10486 5108 13093 3202 9439 3363 10364 11150 3605 9497 4298 7305 5379 6320 8904 8674
39 6935 7382 9507 646 939 4022 8740 2774 5607 1024 1029 2171 5398
648 2951 3305 7044 10953 4392 4656 3998 6676
14768 6239 650 13336 13344 14694 6119 12499 1700 6668 13852 2172 2264 10073 13155 10699 2789 11507 13624 3113 4256 10401 13786 4303 4452 11956 5061 5758 6694 10261 6146 6970 6188 13339 11200 6592 12210 6872 6972 11214
11734 11887 651 7408 12472 14264 3825 1375 11502 2511 2767 7434 3543 10942 6831 9508 5655 9812 6542 8670 8367
655 6464 9139 10490 13987 1189 8766 2552 5179 3647 7390
661 3179 8586 10512 13277 9444 1259 4045 4530 4251 9289 3693 10432 7586 4413 6342 5022
665 9746 12187 13279 792 6963 938 1666 1196 1681 9154 3950 5322 4230 4374 4734
628 7623 8320 12441 668 10912 11814 13191 1330 10844 2076 2938 6644 3004 10091 4562
265 7242 10164 10267 278 7813 9004 672 2694 9383 827 10671 957 1238 2267 10156
673 4520 10957 11840 12347 2675 2508 7798 9517 2765 6767
13441 681 11471 12800 14277 4398 1677 1922 4369 8846 5732 6619 7481 7947 7508
12023 12757 682 14564 14741 13790 14374 1711 14467 3730 2166 2613 11858 11575 6721 3576 10531 3929 3973 4573 8473 6058 6580 6906 7769 10141 7789 9719 8724 9327
683 14514 14752 10175 14114 1518 7153 6350 2343 12654 2743 11085 12255 4040 8941 4078 4912 6940 5422 10653 11688 5453 5552 5681 5993 8470 11415
13348 208 12750 13233 13796 534 684 12019 13297 1688 10347 1708 1786 11966 3184 3769 3775 10478 3903 6554 8338 9187
23 10633 11368 13473 14334 3598 11792 217 6825 14843 10582 4368 688 8940 12802 13583 1112 12665 1177 8314 11324 13722 1225 3925 13752 13950 2226 1752 9082 14650 2055 8322 12151 6437 12701 2325 3180 3384 13679 3639 12762 5965 3906 10186 12709 4486 11753 4524 4743 4751 12463 5032 6400 5712 5780 7234 7309 7544 9040
12806 638 6989 12464 13547 12880 14357 12404 10243 1164 11164 1183 1892 3766 7061 3326 11543 4118 10956 6453 7054 8262 8158 9345
691 12014 14061 741 6491 4764 1937 8276 3038 3131 7740 6837
695 6034 6736 12371 14122 1036 4676 8014 10904 9276 9480 6080 6860 8628
4715 449 4271 8882 14965 636 13391 13579 14896 6433 13382 14065 1222 1509 14382 1569 13410 1630 8902 13004 4153 2078 14471 3176 5755 3226 12313 12974 5050 13724 3485 13807 14567 3744 12095 5910 7155 4377 9097 5222 4856 5030 13546 12711 5490 6089 9402 7101 11884 7590 9749 8609 9608 11526 10019 10648
5113 3948 105 7709 14381 14554 14799 524 13645 700 10962 13658 1072 8403 7596 1686 13840 8982 2585 12964 4586 3171 3187 10878 3683 3747 4085 7806 4390 5441 6097 7874 7497 9001 7849 11118
240 925 9876 14041 707 10607 12650 2954 4427 3382 10009 11409 11904 3583 6128 10690 4788 5031 5415 6688 5486 6321
183 4425 10566 710 8572 2943 4683 5745
320 12714 14110 14987 322 9311 11263 14575 582 12484 12884 806 5045 713 13460 14916 13376 1157 5231 1245 1257 1706 4499 12113 13400 1806 8908 7216 4979 3207 3278 7006 3655 12373 13534 3893 5155 12839 4088 7195 12645 13081 4128 4224 4342 4419 6071 9511 12009 4574 11503 5428 5614 6195 6417 6425 6864 8243 7550 12225 8185
14682 476 13713 14193 719 11898 11925 13922 847 1791 3774 6399 12030 12937 12532 2159 6280 2249 9183 2871 13239 2917 9131 3034 3420 4438 3476 6616 4337 11614 5267 4986 8347 10191 5592 8437 10580 7239 6985 8430
4887 9020 720 13976 14136 14250 14511 10656 1303 11167 1616 11910 11998 8328 3144 3496 4307 4921 5793 7231 7370 11731 11192
729 9865 12498 13535 885 9297 1234 2935 8542 1801 2647 5336 2144 6737 11007 6451 3551 5265 8835 5395 7593 6204
12871 1822 226 403 3974 9399 11570 5676 13298 14018 12337 971 5174 1704 13200 2090 12058 3838 8222 4043 5064 10964 5253 5947 9092 6933
739 6730 12821 14138 14147 2419 3578 4588 5783
69 10103 10449 12781 740 9880 1086 8220 11338 2261 1490 2999 2228 6003 9595 6027 7151 5515 3685 3763 5091 6570 5573
743 8548 9739 11920 1058 7217
11842 13537 13213 413 14869 14881 14976 538 6764 12389 14614 598 10704 14971 751 12460 867 13287 12322 1465 2637 2805 3018 3257 3354 13490 3366 3397 12107 13088 14095 3860 4176 4389 5356 5477 5937 6136 8965 12593 6800 8140 12100 8324 8326 9396 10576 11199
263 11163 12896 13561 12818 755 10403 11662 14326 970 12977 13059 1310 12089 12856 1753 8944 13090 11435 1915 3812 6999 13263 11987 2044 7510 10214 13570 2064 2563 2199 8244 5879 2867 2990 8105 9602 5119 4366 5836 7403 4916 10429 8009 5382 7933 5859 7029 7048 8187
142 12060 14872 14980 14925 7950 742 7360 12443 14106 10763 818 14977 1413 11067 1643 8898 13334 1803 8788 2538 2573 2575 2601 12333 3133 8733 12352 3295 11426 12132 3501 13682 3567 8321 3640 6490 3933 4714 4087 7428 5407 6113 6830 7393 7001 8795 7432 10153 7584 8363 10166 9325 8385 9606 11637
3342 772 1760 6098 6167 1227 8045 9025 10095 1691 9905 2762 9911 3751
12430 775 8382 10324 12695 916 11134 13067 1105 10468 1784 10057 4758 2658 2793 8816 9665 10908 7465 11216
330 12040 14027 14611 779 9715 11999 13176 13869 810 9931 831 14132 833 13834 14839 855 4190 2335 1615 13218 1808 11826 5814 2206 14255 2278 7720 9729 2411 14221 2455 11282 12374 3329 3336 3577 9835 9194 4330 5000 10444 4606 12387 5148 11159 8083 11242 12576 5576 5790 9259 5899 9535 10127 9257 7848 8571
340 3668 6523 8720 780 6877 7692 11137 1123 1355 3126 4741
394 6950 12994 14687 462 12854 784 11645 12077 6735 1156 11937 2422 10179 10923 12803 3281 3919 4164 4996 5125 6163 11440
785 10524 10785 11841 4713 1908 7307 12033 2388 2707 5969 3223 3331
789 12670 12696 14379 1018 1149 1153 12252 1612 10542 12815 5496 7986 2791 10811 4590 4759 4982 5403 5594 6357 7715 9128
790 13572 13882 14292 1732 13816 1770 13479 1993 3504 11875 4102 5572 4295 4434 11995 11448 7025 7372 8934 12398
793 3917 7767 10737 3205
4395 6841 10703 14873 794 6527 12929 14854 1577 12036 12736 1871 13536 1945 12453 2023 14404 14577 2382 8580 3188 8119 13515 3245 4843 3408 4598 4437 6263 4449 4471 11412 5006 11677 5670 5862 6105 6307 6415 6521 7023 7147 8454 8942
146 1410 5606 10239 239 8212 11127 12127 9630 6088 1298 9422 12933 2227 14134 1564 1583 3268 7588 1720 4739 12535 2875 11936 12106 3823 9053 4428 4510 10678 4950 8418 6276 5971 7437
4422 801 12524 12888 13196 860 8978 13692 12032 3132 13964 3217 11437 3570 11327 5188 9050 10782 5232 5748 10113 11074
6657 803 10279 12792 10564 1237 2414 7684 9541 2933 4301 6018
14233 9995 12790 1850 804 14220 14487 1703 14305 14362 14571 13979 2092 2142 13560 2383 8991 9743 2842 3499 13080 3716 12741 3889 9645 5756 5784 6786 7601 7924 9309 9477 11519 9658 9825
10892 809 1884 7938 11689 4690 6048
3870 811 10938 14786 14882 1349 2900 13173 14218 11177 9770 1418 11970 1525 11370 14586 11237 13643 2683 11054 14115 2834 4429 12935 2883 13821 11146 3043 7038 3401 9779 13771 11757 9673 3875 13300 8891 4236 8625 4717 4922 5211 13652 8751 5897 6121 6683 8059 9506 8988 9121 9197
254 13475 14505 14698 594 13365 13587 14275 14036 733 10834 13464 13757 825 14760 10978 2385 1899 14407 2215 2843 2916 4819 11295 8656 3098 3165 10278 3458 8472 4426 6602 4742 5820 5009 11623 5451 5519 9586 5674 5805 12390 6032 8885 9207 7869 8114 10206 9430 8556 9012 11298 9393
14831 11821 8215 826 7904 13970 14963 5168 1939 13225 2191 10845 14322 2722 2918 3234 11051 3310 4073 12565 7994 8658 4926 11329 5264 8003 5769 6871 7086 9577 7700 7891 11804
468 2724 10846 14918 835 12874 14525 14893 1154 1188 13044 1191 12609 1449 1517 7878 2364 8830 2598 4891 7009 9035 2887 2926 3050 3452 3487 5713 3894 7455 9968 4708 5012 9374 6168 8632 8038 8048 8545 8953
14335 13283 6673 836 14561 14605 14970 864 1040 1065 1068 9358 5069 9709 5837 6091 6597 11639 7108 7783 8595 9161 13097
9924 840 11339 14915 2000 8010 2903 9202 7594 7747
845 5512 10637 11882 1007 6012 1152 1447 4981 2175 3024
853 12335 14608 1959 8616 11296 4863 7998 6834 8097 9601 7556
854 6558 6944 7179 9274 945 7626 1236 9895 10451 4625 6332
177 12668 14416 14488 14945 360 5376 5469 12544 1097 13891 1429 11660 14317 13338 1456 13243 1520 1776 12256 9220 3110 10068 14156 3473 11023 3806 11458 4220 6189 11761 4273 13165 4306 8099 4346 5794 5003 5223 9080 10789 5744 11065 6448 6572 8546 8233 9078 9346
3243 857 11094 12186 13224 13402 1146 12629 12644 1607 12692 1906 2035 3247 3724 6142 4977 7604 9260
40 863 1662 8353 9489 540 3745 5286 6782 9242 10788 1825 1940 8041 4027 2828
60 6839 9679 14123 14875 369 2428 13278 14119 14949 868 14103 14167 11942 1949 14125 2070 10058 2402 4615 2587 4072 11420 2825 3196 11418 3360 3440 3931 8800 12841 5252 5370 5457 5964 8958 10262 12837
310 3387 10910 13755 5635 870 5121 11280 9774 2646 3283 7102 2662 9799 10897 3168 4591
357 13411 14662 14744 14794 879 14838 8523 2061 2679 14411 2945 14246 11388 3493 3795 4391 13403 13252 9009 9482 5583 12657 5675 13309 5891 11182 7010 7361 10663 7911 10461 8224 9052 9122 9281 10167 9897
14009 881 12713 14681 14939 1283 9543 12356 2737 3156 11172 3531 3608 3743 3887 12523 3907 8327 8767 5260 5300 5495 8809 7253 9929 9258 8970
882 8527 12057 12678 1709 9019 2074 7792 2837 3296 3400 4686
10685 13199 1333 4359 14674 1415 10797 13577 1430 12343 1575 4548 10801 4955 1809 9672 14211 1961 13380 2336 3019 10539 3611 4067 4409 11109 5948 6507 7867 9579 9633
10857 3082 10667 892 9844 12704 14423 1071 7976 12116 6318 2348 7109 4004 9224 13026 4293 8845 4381 11181 6677 6404 10567 6479
643 13663 14060 14081 894 14348 1247 8136 11903 3827 9873 2399 10749 3172 3337 12281 3434 10952 9965 3836 4490 4838 5017 5871 10614 6051 11223
645 7281 12293 13751 899 11486 13141 13862 1143 6373 11965 1721 1840 1901 2150 2277 2556 3843 4193 4649 5258 5489 6287
905 13935 14464 3562 11992 11058 11860 2252 2636 12093 13110 2672 6483 11056 10672 3509 3845 4585 4666 5539 6777 8021
908 9710 10417 13660 988 6633 3001 8016 4089 8004 5110 5929 6680
11646 922 5761 9544 11631 9668 3446 4109 4786 5851
305 9677 11257 13153 924 12667 14385 14678 1609 10617 13827 1723 9714 2588 13294 3101 11102 3839 8052 8091 7969 5361 5568 10345 6682 6951 8257 7542 10002
5870 14566 928 13716 14477 1104 9006 14140 11602 1679 12605 2054 10823 2730 12109 10654 3653 10920 4749 4985 13412 5399 10928 6387 7019 10437 7193 8959
5 13669 14420 14625 173 4397 606 14271 11288 9846 1412 1493 8728 9061 2315 13812 6329 3259 5864 8349 7562 12618 8189 8914 10252
10013 934 11719 12557 12797 11229 12364 11475 1664 12049 3214 7941 9920 6622 6638 9016
7736 13773 11377 605 10649 11376 12066 10880 14435 9407 951 9805 13512 7763 13815 1285 14389 14923 14934 2032 13447 14807 2326 2355 2576 2615 3914 11929 4014 9949 7488 4494 4642 4712 5688 5773 6268 6338 6506 11609 7132 13267 9206 12784
13733 5410 14148 14518 709 13321 14090 7713 11959 6090 961 13214 13836 1031 1088 12197 1639 2740 3896 13169 6868 11619 8372 10171 10124 12208
965 13139 13379 13452 1313 12946 2961 3368 3449 3508 3571 3794 10242 6036 7622 8383
175 3817 7946 12915 976 3956 11613 12887 1044 4262 5868 12955 1678 2659 6152 4031 7501 4894 7495 10643 5498 5898 9491
987 11579 11697 12519 11827 2421 2056 12027 8013 4523 6569 7703
11805 13634 1000 9382 13442 1489 12878 4095 2661 6335 7473 4783 8115 5033 5306 5942 7657 7376
7999 13883 698 6725 14465 14521 718 12214 1002 13440 13706 13888 1051 7666 1221 10651 11726 1504 1578 12193 1696 12171 2123 3848 11382 8859 2418 8183 12525 2480 2866 2934 3644 11055 6241 4738 11253 4744 6509 5010 5247 10032 5308 11585 10151 6888 7349 7222 7702 8834
7014 157 8056 9584 12440 1010 10007 10386 1779 9549 6724 8874 4094 4987 5468 7932
1012 1627 12196 13053 1317 6702 10550 2549 3228 3603 5843
234 264 2397 7825 9575 11469 1014 7227 9696 1676 1860 5227
9323 8431 10221 11839 14655 13482 10843 1017 13230 14591 14978 14762 1063 14517 14035 1461 14057 14343 1574 12081 9538 12119 10318 8700 2579 13461 7532 3111 13341 3256 12130 4983 3901 9340 14504 3971 10562 4933 9388 5177 5262 11525 5618 9077 9564 6413 6498 6609 11106 6755 8458 8422 11895 10284
1019 9613 12144 12545 1358 7547 7042 4903 2792 9980 10354 8873 6556 9789
902 7475 10624 13422 1022 8957 10655 11332 3406 5301 6632 10020 5988 6197 7395
14286 10322 808 13918 1023 12788 13241 2305 11834 11935 2547 13056 4046 4944 5129 5142 7032 7695 9686 10006
1032 9135 11002 12159 1874 10899 3469 4669 5524 5554 5636 6796
13772 1042 8967 11563 1266 6571 11611 6120 3780 10625 3985 6026 4206 5220 8428
14485 14466 11932 12975 7758 13016 14759 876 8594 12000 13675 1049 14830 2049 11360 2254 2459 10718 13229 14491 2521 7753 2633 13276 13386 14149 2836 7672 13620 10485 3099 13318 3159 11542 4430 8892 4639 4796 4839 5011 5283 11537 5334 5444 5611 6752 8639 7295 9447 12223 13404 7845 9133 11308 11294
11157 11856 1052 11779 14718 1990 4525 3615 7863 8174 5224 11551 7642 8409
12136 1053 9792 13623 14112 1126 11938 12895 1263 6166 11384 1380 2417 13074 1445 12202 9456 5996 2241 2298 3120 6914 8366 4906 7474 8554
410 12461 13855 192 12810 12973 14327 13258 13319 671 14396 14999 758 9522 13308 14160 12076 1055 1057 14352 1501 4240 1775 1948 1960 12353 6169 3118 9786 13753 4611 11104 3975 5165 5657 4815 4261 5038 9091 6130 6334 7150 7326 6455 6502 6581 7397 7518 7851 8838
1059 1198 8635 9192 10838 10961 1602 7948 1873 10047 3787 5114 7065
507 8627 13264 14793 647 5116 8370 11070 14770 1069 14937 1331 1475 10379 7995 2379 12429 6446 10005 3327 13871 3555 6279 10200 3595 3888 13316 9223 12212 4218 10687 4316 5541 10958 4477 8192 8227 8679 11244 5054 5979 6180 6832 9200 7385 7681 8664 9509
1074 11354 13195 14476 1206 10949 1707 11990 10393 9441 5819 5219 7545
12515 1080 13704 14425 14809 14943 10335 1531 13524 14833 2244 14643 2256 3284 2574 2958 12583 3138 12003 12496 3546 4070 11516 10275 4770 5240 8676 6412 7391 6430 6801 7615 7717 7844 9198 8230 8272 8391 8727 10538 10023
7549 1084 1170 11100 12090 13180 10677 1265 4448 7727 5575 10765 4677 9171 4841 6240
11224 7989 12321 14346 1168 8763 10809 14798 1197 13857 14229 8563 13079 2371 13029 7592 5915 6463 6466 9993 6887 12789 11271 7619 11499 9450 11189
1095 13774 14102 14300 14985 7856 9942 9201 13850 2292 14834 2739 3502 12682 3348 14616 3365 8448 10517 13182 13425 5694 11569 9883 13265 7443 7724 11768 7742 8374 11909 9013 12330
1100 13945 13956 2558 11352 12274 2671 3338 4489 7762 5178 10634 5239 7648 8742
1102 6829 11745 12786 12883 12267 1396 11633 2089 9565 4005 6311 6587 5782 7254 6065 6214 9408
666 1407 6151 10960 1106 5244 5246 6723 10710 5277 3260 4161
10 8496 12899 13237 12731 218 6310 13372 14732 4274 652 7506 14565 14983 1047 13423 1117 10529 14788 1160 9572 1339 1342 9539 1631 5587 1714 12686 1729 1799 6957 2063 2179 2481 6932 2612 2731 3094 3248 7073 5589 3859 5637 9826 13062 4444 4890 5708 11535 5781 9915 6170 7517 10163 9293
10988 8394 774 12425 13977 14434 1125 10756 1150 11600 1364 13311 1910 1705 8251 3847 4311 5249 10070 7138 6524 6912 7235 9214
12483 6325 1135 10250 13498 14927 10507 10038 9510 1887 9362 13327 2107 7265 13712 6653 6952 2185 9798 14240 13968 10766 2704 2877 10092 12080 2955 3096 3287 8966 9639 3343 7578 3527 4597 3627 7707 3705 3818 11879 3824 8464 9472 4980 5023 5882 6201 12943 10787 8637 6988 7660 8221
1137 1673 13811 10516 3121 7886 3735 6260 7583 4565 6991
14557 11960 1151 12779 13099 1231 11386 2532 12361 4140 12034 4285 4954 6029 8854 6069 8176 6082 11931 6686
9443 1155 4976 9697 13089 1891 12111 12939 13424 2880 9173 5197 4644 10413 8974 7505 6674
1158 11037 12420 14204 14528 1400 1522 11293 10462 3032 3112 6529 7818 10126 3820 6229 3996 8622 4116 11939 7553 6243 6663 7862 6895 7439
6772 13764 1166 13992 14164 2687 2850 12476 12283 3863 7694 4083 11247 5090 5365 10867 6484 6486 6517 6641 7260
11997 4536 13177 8948 10102 11669 1167 12587 14137 14574 14722 6340 1295 11608 14424 14914 1515 11819 13418 1648 3930 1750 2030 2115 6481 2161 2251 2295 11863 5454 2682 3242 9783 3274 3299 7272 12733 3361 9455 3437 3574 8737 11776 7241 9751 5666 7471 9518 5764 11021 5934 13636 6533 7087 7774 9344
12357 303 12051 14428 13635 9567 14254 1184 11504 14354 10362 1658 7093 11835 1761 10572 13468 1823 11649 9251 2342 11837 4024 12152 3149 11793 9650 11254 5345 11380 7221 5384 9070 6066 11315 6354 8410 6441 6684 7237 7128 8104 7575 7685 8209 10771
9536 1195 11045 11940 4948 7896 9305 11831 6423 8396 9552 10097 8964
14472 8447 8947 2098 1216 13932 14197 1478 8113 2373 7410 4314 10568 8219 6024 7358 7903 7213 9081 9894 7788
14319 275 4026 4723 5279 6053 1239 9591 13020 1348 11948 1909 12912 2025 8641 2454 6055 3142 3561 4580 7943 8678 7570
1242 10644 11342 11433 2222 8538 3443 5309 9334
12289 225 11175 14771 14818 14634 1246 12478 12679 10574 1377 13006 2268 2907 4992 12980 3208 13130 3614 3698 3876 11185 12306 4385 10074 4497 4529 4840 10039 5034 10219 12753 10543 6585 7122 9765 8093 9210
14647 13343 1217 14012 14692 1250 14234 6075 2148 13718 2358 13187 4205 2476 2967 14503 2996 12061 3659 8240 5919 4160 7163 9649 5102 6758 5421 6409 5905 9446 7963 6541 6810 9361 6979 7419 7585 10337 9717
519 8629 14324 14907 6930 9434 1252 11756 13777 14236 1744 1872 12083 13822 1998 12517 14282 2133 2524 10131 2544 7738 10008 2616 2819 12454 3498 9704 3687 3882 3732 11096 3816 8294 4663 6108 7646 10729 6007 11034 10527 6173 6666 6731 7182 8259 7898 9023
1255 9827 12902 1883 5746 9371 4923 5647 6206
10317 1262 12740 13122 14270 1762 13256 13544 13525 9635 2301 12231 2790 3610 4373 12662 5190 12572 5281 6389 6687 11691
3959 11594 4041 9806 2696 12324 12465 13305 13539 8138 9612 10473 10913 4228 10757 4445 6269 8796
675 1270 3322
13861 1277 10265 10480 1571 11266 2998 10388 3450 10042 3940 9313 10365 11506 6021
1291 13980 14207 14645 14742 1653 13569 1942 7808 13595 13621 2248 13907 14104 2858 5802 8216 12956 3601 13568 6629 3945 11565 5768 4111 4958 8090 9398 12459 4773 6096 11737 4808 4837 4851 9496 12471 5118 13944 5653 11193 7985 8106 6143 6235 9760 10150 7621 11625 7936 12873 10948 8352 9449
511 6753 11080 13388 1320 8558 10601 12181 13486 1667 8894 11657 12301 3009 8467 3432 7817 3960 8900 8263 4806 6884 5561 5849 9871 10087
1325 12153 14146 1487 7168 7384 1733 4542 2569 8110 6442 6768
1327 2605 4789 6875 11270 2352 8569 5074
587 2726 11059 12028 1093 10774 13091 14276 1357 13167 13908 2013 6894 12230 2259 7902 2376 5858 5330 3146 3739 5051 9058 5086 9597 10735 5353 8601 6200 9225 8122
568 13886 14313 14620 9890 1366 12114 1855 12599 3288 3750 12600 4270 4332 4457 5199 6867 11276 9820 10689 9983
14863 133 10426 14728 1371 12791 14697 1404 13170 13953 1724 5001 11703 13098 1933 14626 2436 5432 3015 3220 3584 3920 10416 4105 11108 12680 8797 5304 6196 8127 8237 9230 8357 9425 8918 9353 9453 9801 10433
57 4541 10914 12079 13324 11497 503 11066 1381 13127 2321 2712 4020 3995 4093 4679 9840 7246 8168
307 4937 11596 12976 3964 7864 1386 11572 12085 3776 1992 3077 2395 8781 11355 10294 3666 7537 4960 9707 6185 9316 7984
14928 393 14222 14885 14910 525 12995 14043 1392 14304 2012 13793 14072 14933 2236 2253 2314 2921 4030 4123 12801 4204 10246 4779 12947 10513 6344 6419 6514 13518 10873 7442 7523 7651 11818 8121 8790 12134 9803 12376
1397 11554 11700 12904 1414 11708 13131 1464 6656 10439 1559 5436 9940 2366 2386 10342 3989 4069 5513 7955 7204 9117
8 12770 14202 14808 25 13999 14622 169 1402 10210 1235 11624 13674 1466 13069 1950 2180 11457 14199 7560 5826 3213 4286 8732 4506 6908 5540 9410 5863 6224 6452 6375 6681 9096 7402 7567 7674 8573
10384 1409 10075 12092 12723 1974 4238 9271 2523 5840 3036 8771 3240 8267 4015 5269 4652 6461
8701 237 6552 7433 14118 762 8630 10060 1171 8820 1399 3155 9532 5471
1163 10333 11661 13360 1411 13615 14181 14331 14023 6547 3275 5136 11162 3830 11069 4063 4361 9578 11161 5797 7082 9240 7637 8424 8452 9753 9328
202 8076 11378 12035 1417 4279 8226 14208 13456 1920 4787 7489 10925 2490 4678 4507 4774 6650 4814 5832 5914 6750 6083 9520 7323
1422 5480 10088 13358
7991 196 7968 8782 11434 12671 5013 1424 3913 12233 13763 1813 13856 2197 2596 11325 3625 5984 4315 4626 8884 4706 4775 7981 6175
50 1428 8868 13738 209 5710 6227 14973 586 11305 12174 9887 14046 1452 11300 12442 1502 11514 1810 7304 11994 1982 12052 2104 12018 2105 2346 2801 9824 2949 4145 5786 3915 6039 3962 8652 4836 9306 5886 6248 7598 8608 6427
313 509 7658 11379 6002 7194 897 4729 7459 8611 4159 2462 5738 8078 2610 4226 5164 3394 4264 3484 4552
11431 913 12849 14867 14968 14453 10130 1468 14595 14777 7330 1511 14955 9573 14652 2489 12450 14604 14669 2568 12243 14639 2814 2885 12215 3448 14341 3489 12831 3565 4115 6118 4166 5650 11796 4343 6574 12963 4732 10783 5131 5150 5390 10799 9464 5831 11690 6000 10989 6001 12054 6589 9366 7983 8513 8806 9236 9317 10010 10235
1474 11667 13373 13847 13887 3390 2118 5478 11123 2717 4269 12507 2873 12272 11194 12941 3664 4272 4559 6153 7060 8535 10178
13465 13844 9836 1479 14092 14096 14302 1766 2681 2840 5104 3587 3713 4222 7889 4782 8817 5911 6341 6420 7697 11279 8198
13571 14066 4538 9898 555 14213 14269 14764 1138 9059 12124 1173 11530 12998 1481 7791 1924 7608 2453 6222 13785 2497 2504 12691 2906 2932 2964 7815 7934 8544 13270 10215 3418 3558 3679 8488 8981 10577 8450 4941 5058 11306 4975 5742 6134 7112 11540 11268 7909 12249 8300
8789 5206 1486 4624 9481 10476 11532 3646 11591 3849 8102 7083 7294 6186 6230
736 9273 11129 11881 1495 7292 9910 13262 1789 7386 7901 2069 4834 11235 7186 5577 5392 7069 7927
1498 10869 12413 14068 2491 3089 3832 7739 8498 3952 7075
14663 1500 12467 14298 2525 11399 10581 3294 12486 8195 4283 5354 8191 9752 5596 5621 5944 6655 6281 9946 7268 7022 7668 9339
4174 405 10407 12920 14713 1519 13591 13654 1576 11721 2811 2941 6422 4074 4335 11607 4621 5284 9648 7954 8905
11915 6939 8411 4352 11029 1524 6102 13351 7124 8284 3753 6714 8469 4068 9322 12099 4917 8916 7313 12799 7196 7240
14429 12636 659 10987 13969 14274 1528 9338 14670 12722 14628 13794 10561 13500 13034 2571 12164 2859 9814 3090 13477 13406 3151 8716 14774 3162 4861 10287 3280 13646 4341 4830 7572 10475 6620 11239 8453 5603 5750 5795 7922 5998 11156 6692 6382 7925 8362 12808 14055 7263 12149 8137 9411 11374
3061 8780 878 1159 8433 11510 12410 4984 1536 3844 10612 10851 1912 4291 3681 3799 7751 9973 10064 5217 5305 6057 5893
1133 11953 13926 14253 9370 1540 13949 14387 14489 14621 8269 6324 3148 11986 3375 11771 3524 3727 12194 8025 4881 5035 5139 11802 5294 10307 5325 8480 5880 10196 6824 9015 9583 11001
13828 2238 12232 12244 1556 13144 13589 13590 1935 6716 12566 2622 11547 3970 4278 11144 5545 5696 6706 7516 7777 8686 7671 10348 8356
2008 1560 12395 13009 7519 12117 12344 9987 3105 9451 6739 11642 9169 8645
14721 1552 10693 13222 1561 12559 13851 1769 2815 1804 3052 10302 3833 4207 8672 9970 11443 4482 8142 4973 11318 5344 8869 8657 8165 10025
12861 7603 12570 3088 13332 3530 10659 5243 9299 5767 9307 8042
9100 2469 1288 6878 10043 12835 1587 5092 11603 13325 11868 13231 3935 11165 8339 13012 5160 6835 10412 6892 7114 11003 7218 7345 8612
1600 12191 13705 14273 1820 13592 2009 12812 2152 12491 2536 2721 11496 3116 3881 9981 6443 8000 6823 10349 8726 11218 9227
6326 1603 3658 6651 12262 2192 6926 8427 10778 4322 6727 4869 6594
4570 1613 10428 14592 14932 2095 10100 11267 12015 2202 11520 2758 13597 2860 2896 11400 3270 9866 3417 4899 11356 12582 4761 9145 5776 5822 10522 6760 11401 6945 10119
12409 1651 5700 11449 12720 1713 7273 12228 2002 9780 2195 10893 2639 5829 2982 4100 10465 5600 7743
4371 14705 1985 12406 14671 13485 7050 2764 12656 2893 13235 4075 11955 13618 4375 5259 9479 5997 6072 6304 6848 7279 11789
80 11810 13709 14702 5861 13797 800 12651 14291 1046 12205 14496 13957 1685 14237 14360 1996 2440 2915 12561 8626 3526 3886 10409 4042 4545 9219 4344 9208 4673 4697 5236 5474 6076 10929 6154 10837 6543 6744 8702 7283 7392 8562 10714 8839
7917 1698 12271 12851 14019 14330 12417 3222 3982 4876 9941 5180 5511 9032 5804 10826 7401 10458 10600 9380
1701 8906 12050 13648 2096 10380 2140 5288 3990 4501 5075 6286
1702 9147 9319 11828 6859 4733 9217 7830
353 12642 13463 14272 1054 13868 1621 10446 13104 3204 5806 3237 3641 12669 3674 10418 5049 5063 9064 7461 7200 9083 9333 10313
1722 11679 12677 12809 3516 3773 11158 5660 6853 8238
1735 2472 8696 10501 1978 6924 7526 4079 5908
1739 10072 10137 12246 3317 6621 8228 8241 3873 3963 7866 4835 9502 4599 4709 6601 5860
9740 10499 10390 6925 1004 13604 13916 14641 1510 14785 1785 12631 13240 14926 1926 11592 14848 2255 5052 7399 4784 3791 4664 10440 12630 4918 5723 5900 6052 6010 12512 6172 10721 6512 11927 6954 11211 10441 11275
763 8254 12446 1835 8096 10591 2409 10477 2904 4017 4515 4569
8425 8745 1847 9310 10871 11838 6046 3665 5134 11855 9936 8682 11040 9105
14281 1663 10226 10554 1857 4185 10224 11071 8543 3430 11246 9851 4532 6462 5808
14765 1896 10492 11142 12775 1914 2803 3332 11116 3969 7493 10836 8646 9125
153 13242 14775 14792 214 12470 14761 560 13792 11767 1305 1483 11552 12180 1955 9284 13748 2057 3314 13631 2187 8414 2700 12628 12037 11079 8080 3979 10396 4357 4363 4716 9985 5097 7232 7143 7840 8475 8815 9367 9275 9426
1970 5357 10236 11213 11536 3957 6226 7291 8160
4402 1972 7452 7908 11853 2220 9412 8507 8715 8776 5280 7951
22 8476 14441 14737 10248 459 14349 14805 2412 9914 1741 10879 1977 13613 2027 13909 2673 8088 3563 3874 11973 4518 4681 5127 11092 5263 6237 7129 9594 11864 10484
542 2020 4257 10898 11121 2311 5610 3289 6976 4195 7827 7298
14378 13872 11906 10482 14729 1816 2033 14013 13202 3399 3720 11634 13656 11508 6050 13295 6961 11341 9470 9761 9819 12457 9988
99 13134 14059 14887 14944 10505 1274 9104 10594 1365 14754 2042 14480 2392 13457 2565 13990 2929 4121 8718 12400 5426 4408 12226 4833 5037 5387 5497 5505 11210 5535 6351 6745 8073 9036 12672 9250 10351
2047 5995 7359 11684 3442 5351 4199 5141
2060 10560 884 13641 13644 14139 904 13051 13436 954 8393 14058 1292 1740 11576 8386 13015 2351 11383 13737 4336 4480 5380 5693 5752 5844 6174 8503 6473 6647 7394 9796
536 14439 14448 14919 963 13958 14414 11907 12991 1856 13282 1903 2149 1941 8419 2073 13414 2229 11941 3954 10753 5186 11498 12247 5095 11701 5163 13147 6710 6011 6658 9400 10259 8607 11215
7893 1208 5586 7528 10202 1865 5462 2084 5355 4396 7106
2086 3771 11638 11681 2702 4162 7337 2997 3030 7245 5737
8329 2094 12988 13971 14862 2164 6092 2578 2870 5424 10967 5695 4406 10521 11283 4864 11205 5648 10391 6733 9413 9484 9385
1547 11894 11957 2117 5093 3748 4589 8712 5703
2119 11062 11344 11743 2562 3941 10850 8719 8540
13943 9759 11968 13392 10304 13694 2763 13531 2992 7405 4056 5156 5656 6606 8153 5873 6322 6934 8579 8002
6438 436 7940 11599 13050 5184 2081 11640 12925 2129 6302 10143 10397 2263 6023 2888 4895 2989 7377 3589 7389 3709 4234 10381 5799
10431 6022 744 5401 10515 7485 2136 9134 11686 2276 10890 2318 3585 3760 4059 4320
4209 2139 12738 12769 14153 2330 10770 14438 14457 2812 8484 12367 12649 3109 12104 14499 3290 10585 10271 3968 5251 5534 6150 11307 10046 6557 8605 9666 8202 8913 9066 10283
13555 7563 244 12259 13271 1232 12316 1420 11500 1749 2157 10356 12787 4081 7159 11152 7614 9757 10528
10847 2176 7472 13647 14734 6138 3119 2703 6038 4637 13238 7148 4728 5555 6499 5579 10037 10245 6718 8992
11493 3271 2186 12041 12468 13070 9155 9521 4212 2831 13551 6652 12528 13415 4156 11248 5275 8120 4543 5562 4603 5729 8587 6054 8278
13133 2188 7797 9108 11041 2849 9928 3020 7104 5036 5699 6449
14192 14443 4464 12703 11006 12493 2193 12987 14589 14997 2224 14285 2439 14188 2464 2537 14020 2753 14515 7794 3362 14128 11583 4137 12046 4620 10488 13736 12901 13504 6881 12986 9033 7675 12960 12251 9141 10123 11274 12744
13661 2214 12326 13629 9793 2777 3140 9278 11320 3163 13096 4168 5039 10104 6293 9279 6394 10583 7577 8932 9424
4721 2233 9264 11732 13432 8669 3790 4556 11729 12403 9244 11087 4930 5393 6776 10132 6573 8201 10144
70 14433 14579 14898 625 10946 13163 1258 1758 11531 2068 13186 2275 10932 3285 3414 3770 7824 6401 4453 10695 4651 11169 4804 5827 6588 6855 9228
72 12635 13520 13582 10334 3778 12783 2310 12533 2882 12038 5397 8336 5749 12068 9636 8668 10896
2282 9979 13602 13696 4077 10172 3190 11240 5640 8402 10133 7923
2299 8130 9487 12527 2557 7689 7699 4241
13049 1655 6605 12500 13211 2237 10901 2334 10140 12157 3822 4924 12354 3942 7949 7982 12368 4382 4539 4812 8663 5922 7375
2735 3345 7110 2341 11870 13965 14445 11799 12258 3066 4122 3586 13407 5452 5973 8935 6477 7043 8975 7161 7230 9113
14141 386 14073 14256 4513 6133 2357 9763 13364 14344 2806 11748 4627 2986 4281 8307 6205 9349 8037 5386 5557 10840 9853 7543 7597 7726 9417
11946 14399 1296 14460 14790 14895 1991 1326 1425 13413 1952 2308 13854 2470 3691 13586 4893 14165 5499 5771 11097 7669 8150 8200 8647 8651 9003 12369
529 7512 8416 8783 1211 2479 5644 3139 1537 2624 3811 8375 2380 6290 11977 2437 6740 9195 8369 8390 5369
256 2499 11302 13156 1127 8883 2071 5189 2396 9855 4478 5201
1136 10832 11230 14981 12234 3054 9948 3800 12062 7625 6041 8018 7868 9294
2425 8141 9685 10117
170 7131 13244 14563 6107 820 2749 4317 906 11465 920 6612 10752 12865 1476 10452 1894 2048 8001 10276 2273 12145 12257 12336 7673 2394 2442 3891 2448 4880 10456 2463 8927 3533 3661 7105 12970 3803 7236 11890 6149 7003
13637 262 10165 13087 14442 345 3428 13166 13245 12026 888 10894 13210 1111 11883 12506 13864 8577 1595 7520 1699 8069 2122 10995 2474 13362 2785 11561 2868 11985 3246 5378 3319 12025 3444 3723 3988 4794 4420 4566 7624 11685 8857 11212 7618 10944 9694
2482 13032 13290 13381 2776 11665 2796 3566 4169 4277 9643 5946 6828 7039 9076
180 2483 9519 10466 12715 506 9691 10640 764 3978 11251 9376 2835 2948 5145 3320 4165 5041
2488 12150 12273 2621 10816 3477 3416 8917 4553 6577 7664
14696 588 14481 14717 14947 12843 603 942 948 1082 1169 1301 8217 2190 2274 2452 12611 2690 5349 12598 5234 12989 5595 5983 7121 8109 9841 8752
14576 11795 2540 11227 11346 2643 10193 7177
148 453 5470 11773 2331 12121 12537 1130 1844 8805 6056 2194 5046 8642 10537 2304 7632 2668 9782 4200
14244 11018 6815 3673 14252 9945 10052 4175 4701 10628 12727 6591 9794 6364 10853 8308 6640 10739 10758 11392 9625 8412 8514 10180
5103 158 5500 12177 12961 2713 10815 2580 5926 7285 3696 3764 2779 10251 12829 2911 9115 3160 7302 7327
8792 767 1997 5120 11141 13903 1076 6100 8478 11236 4065 1842 13874 2795 11277 4988 5632 4702 4929 8534 10096 6059 6331
9755 5690 2807 11147 11981 12375 2820 5766 3381 11256 4113 6501 5342
13601 8446 2670 8725 13136 2808 4659 9623 12858 3513 9721 3650 8051 4399 11557 4613 5960 4670 11179 8022
6043 206 13832 13837 14037 372 1091 2362 13045 12129 3307 3726 5651 10359 9048 8173 8693 11039 9542
2845 9581 10604 10725 3622 10148 9177 7020 9986
12555 2322 10011 2889 3804 3656 4755
9375 679 14386 14811 14816 12889 1142 11754 12953 14789 4831 8924 12075 1719 12752 1768 11993 14077 10622 2083 8089 2239 2899 9860 10173 13563 2978 10596 10309 3282 13120 3699 13204 4423 5417 7342 11815 6566 6259 6578 10534 8206 8281 8576 9795 10755 11627
14889 186 11234 11979 11290 2901 11712 3012 11483 3410 6212 7224 8026 8557
2370 968 11473 12822 13788 14536 13384 7045 2969 11541 13545 3878 11605 4680 11926 5479 5949 6135 6396 7490 11014 8985 9267
5734 2441 7803 10237 11744 3021 6117 7708 9790 4455 7016 7070 8019 5570 10146
14351 392 10647 14598 14700 14836 14383 721 11988 13664 8504 13226 2478 12008 11664 3048 14612 13540 13939 4287 9847 5157 5913 12940 6155 7530 11621 7662 8692 13253 13254 9990 10257 11550
10168 11317 3049 11650 12250 12485 3344 5722 5741 11523 9858
583 1128 6504 9462 6393 11786 1312 1319 6480 11086 11196 1532 1597 1567 4745 3084 9170 3306
3087 10660 11015 11160 4229 9778 7142 7396 7920
1062 13234 13996 1148 12290 1203 12451 12763 6457 3911 12137 10548 5751 9355 9683 8963 9787
13701 7559 1976 8754 13507 12814 11221 4462 13161 14084 11636 12969 5237 7013 6717 13746 6756 9249 7145 10974 7670 7691 8583
6561 1965 3206 4969 6986 9837 3136 7251 4911
9588 351 3147 11918 12776 442 11996 13063 10821 13259 8929 7238 12043 7980 8832 8154 8810
11337 3164 3592 12284 3809 4292 4970 6148 4829
366 9695 11538 12088 469 9616 10980 670 10080 11971 674 6709 5076 3174 11517 3377 4037 5055
8636 677 12879 12993 14320 814 3016 1096 7732 1261 5235 2586 3244 9839 10453 7271 6435
10868 5087 7444 11794 2676 13824 13835 2786 13640 3177 12270 3291 12886 3801 3840 5073 6582 5604 5405 11098 5689 9277 9114
9614 487 9702 14572 1390 11265 13954 1527 11780 13375 3106 12175 11395 10679 3667 13095 4998 6215 7206 10526 8157 9436 9978
12729 9738 11476 2466 13690 13960 2516 2768 7871 3373 11314 4802 8485 5963 9529
3455 9415 10849 10909 3777 6607 7250 4561 6703 6866
6665 14883 7796 1089 9731 10573 12422 1442 11947 13192 1692 12020 4468 1888 3642 2719 5008 10366 13071 3391 7280 12840 3517 12893 5546 4333 6685 5311 7499 5320 5855 11273 8721
10937 11974 3510 12694 3518 9953 3706 4500 9008 6398 8250 8798
13031 617 10305 11696 4694 1078 11511 12108 1344 1968 10575 12675 1999 4129 2813 7343 8445 10033 3525 12958 4135 11011 5646 7539
12055 14509 14130 8248 14797 2566 12604 6553 3167 14711 3439 13340 13121 3782 11652 9947 6187 9850 13565 6439 12725 7333 7752 7778 8024 10049 8027 8319 8930 9312
236 4595 1586 669 3638 8350 11969 8381 8506 9043 1718 3227 5187 2031 2288 2354 3385 8413 4184
14688 8764 3672 9571 10966 6662 7332 7852
978 13831 14142 14613 6843 1962 2163 11787 13858 10212 3181 13140 3700 13329 3855 12383 8759 4705 4850 10608 5531 7420 8486 8461
12216 13530 8730 2970 5941 6009 3351 6994 11653 13780 3826 13159 14029 3909 4018 10736 10723 8879 6033 8156 6920 10806 8361
554 2818 5256 10358 12646 658 2377 3468 13420 778 1229 1322 7192 7248 8518 1694 1931 4872 5202 2468 9764 2606 7910 8769
232 14533 14618 14800 233 14309 10743 604 14629 901 13010 977 13523 1020 13717 1580 1632 13502 2994 3707 3895 11584 4208 4459 4648 5024 5059 5957 6611 7880 11704 9662 11601 11847
14850 14891 13749 371 13396 14482 484 13732 759 13272 848 12176 1209 14573 13496 8108 2971 3934 14121 4304 13055 12416 4704 4889 4964 11558 5821 8204 6798 6857 13511 7431 7639 8530 9912 10540
12972 1484 7331 8896 2822 3947 10404 9957 4908 5362 9505 5517 9126 5523 7170
65 13022 13915 14494 200 13885 14989 12643 7284 735 822 14022 14864 10108 981 13435 1546 14082 1637 12564 1665 3424 13770 2210 2250 14015 2407 9682 10748 12004 12767 3389 13310 3429 9528 3464 11549 3514 3654 9079 3852 3926 4019 13116 5835 9651 6428 7379 8570 7714 10934 11013 9203 9857 10872 10746
4086 4327 11919 9185 11445 3534 6938 13281 3582 7482 8343 3633 9903 9550 11876 12613 12220 7975 11278 4608 6025 7171 7422
1485 2111 4136 10859 1800 5261 6785 9727 2697 5961 7247 3321 5727 5295 6803 4660 9448
11862 375 6805 7411 8030 12299 726 9132 11138 1473 3690 5774 9359 5431 2853 3540 4154 6713 10985
271 6467 6759 11581 309 590 1271 3372 464 2592 3185 7406 830 960 10874 6164 2155 5215 10935 3380 3703 5339 4178
349 1697 14615 14842 14979 485 11711 14958 849 9112 14948 8179 5062 14841 6773 1890 9768 2085 2430 10724 13983 2732 12693 3315 8460 4062 9628 4186 14359 4349 4809 9854 5326 5762 6371 6770 6915 6942 11544 6968 7515 7835 8181 8439 9300 10681 12350 11869
4367 6712 8407 9762 14097
103 14157 14531 14772 13003 572 14886 907 1297 1506 13273 12070 14113 2312 2535 8351 2950 3300 3340 3536 4324 4442 13232 5181 5902 12942 5962 6395 9178 6997 7117 7303 7435 7964 10105
122 4517 12588 14071 251 10293 2147 7607 4028 5367 9335 7301 5684
13799 941 7735 10430 11714 1214 2844 7445 4605 4657
14328 4219 4628 5171 13686 6520 9856 4900 5839 9977 8746 6232 7244 7356 6705
14184 1181 13542 14693 14903 1385 11568 12674 1448 12292 14677 6729 1953 11672 14194 11578 2519 2744 6049 3122 14200 10627 3545 4163 4479 4554 13190 12930 6077 11036 6511 7659 7785 8134 10709 10387 10791
716 9777 12162 14452 797 9716 12844 14329 1582 9708 13543 5363 2689 8785 12579 13438 3503 3961 4940 9944 4634 4667 13248 8867 6564 6312 7907 7267 10698 8279
14776 439 13697 13927 14508 8067 919 8291 14014 14747 1045 1328 12842 1492 6669 14074 1767 11115 2506 3367 10040 3441 3470 13367 3519 3634 13174 4674 4703 4898 4959 6328 5313 12948 5532 6664 13354 5803 6157 6975 9034 7209 8333 12204
14306 423 13845 14582 1190 2434 13349 2629 10291 4023 9342 4768 12639 5318 5830 11655 5977 6384 9703 7853 9419 9556
4778 14091 998 14802 1314 2640 10395 1459 12602 1549 12411 1624 10285 7418 10281 5408 9007 12007 6792 6897 7322 7654 8841
8931 1315 8998 9551 10003 11206 4393 7534 10375 11466 5448 11901 7500 9391
994 10420 10546 11438 1300 7053 4104 4885 4857 7103 6450
750 8848 11452 14541 1444 13292 13693 1848 7287 4302 7344 11187 13105 4526 4572 5101 4791 4870 7900 8574 5985 7336 7653
11361 5068 8847 9950 10298 5935 7041 7591 6468 7257 9678 7207
11867 140 12761 13879 14890 12936 607 12426 14556 14740 1437 12510 14755 1824 8340 1946 13846 2337 2369 5645 9638 10664 2471 2963 9146 3129 3409 8606 4232 6941 11656 4350 12931 4991 11713 5214 5278 5435 6101 6500 8194 8304 8990
13443 1083 6917 11687 13317 9698 8531 7187 2360 9546 2553 5719 4297 11389 7836 4785 5798 5172 6306 9816 5757 7919 6471
12862 1628 10015 13296 1661 12505 1854 1913 2534 8163 2966 5245 4239 4493 9109 6528
7613 201 1249 12391 13778 12189 600 13172 1279 10050 3072 6316 3200 13437 3252 3607 6177 4957 6140 5352 5753 7426
678 14954 13103 14296 693 11566 13198 3141 12859 3358 12455 12664 5559 11225 5272 5445 12415 5671 6162 6943 7169 7412 8033 8500
6488 12529 3544 10085 2289 14032 14377 2664 11893 3756 4632 5080 9767 11454 5221 8492 11830 5450 5465 5958 7034 8451
235 5144 14393 14642 14325 589 12945 11472 9232 1273 13132 14548 1405 8313 1669 2099 11364 3265 10769 4949 6084 5250 5476 11441 5488 5716 10373 5788 5842 6842 5974 9360 10286
9255 390 13688 13889 13890 9442 1859 2559 3017 3853 7974 4146 10436 4650 9485 5514 8735 7958
41 6699 7723 12366 13033 11740 8166 7872 3189 13924 3737 12309 12541 3841 4138 5530 8175 9531 6478 9952 7766
14370 465 14550 14822 1254 14224 1094 7979 11546 2213 1267 13158 1463 11191 12638 1591 12918 13205 1787 7312 1827 9964 1889 8560 11328 9877 10145 2317 4356 9248 3027 11176 3302 11562 4158 9116 4338 11736 4640 4971 5321 8979 5613 6274 7008 7185 8323 7296 10227
13042 12906 3411 12332 12595 13936 6374 4000 11366 10116 5084 5740 12421 7072 7463 10754 9656
13665 12966 639 11477 13723 9878 1589 1172 9088 12640 1302 1870 11299 3857 5350 2338 5845 7198 2751 11095 2974 3031 3454 6319 5516 5775
12235 135 8023 12449 1441 1793 7705 13913 9817 3308 6869 9925 3596 5916 3660 3856 5817 10077 5502 7184 5787 11829 5885
67 14006 14033 14860 12632 5715 274 10636 301 14534 14966 378 14384 11153 1131 8602 13711 1174 14609 1304 6536 13809 1853 4823 12237 12327 2477 13730 4583 2595 11190 12248 12606 2649 9712 11442 2741 9524 3692 12045 3877 8125 7730 4750 5473 5668 7711 5818 7123 7829 6518 6525 9263 6817 6890 10089 7276 8559 7873
8547 11391 11954 10994 3221 12328 3451 6161 7476 8980 9143
8509 8711 1869 3626 7728 13268 6238 8624 5297 6880 10796 7197 6315 7269 7631 8997
10751 8551 1687 4424 6645 12190 2692 8406 8921 9663 5099 6414
14901 14684 10254 580 14763 14964 14215 1145 1351 14543 2120 14780 2533 3231 3324 3711 3972 4127 4578 10650 12531 6060 13448 6670 6865 7841 9569 13470 8344 8529 9042 11728 10024 10099 13940
8566 456 13726 13808 13866 3022 1141 1426 12673 1927 6738 5203 5702 11889 7552 9684 10421 10194
408 11556 12914 13061 728 7992 10870 1026 8380 9486 12005 1341 12684 1568 8717 1573 2017 3379 4558 6779 6788
12392 1041 3532 8197 1374 1897 9533 10597 13111 1900 5411 7781 2505 10382 11222 8443 8956 4668 5890 9254 9974 6978 8695
87 11629 12934 14568 494 10062 14853 14871 12864 9365 862 12278 2058 6127 6294 6390 2718 13499 10569 13691 3662 3684 7293 4379 12676 13617 9688 9124 5658 5667 5669 7655 10055 6037 8512 6458 7275 12363 11287 10059 8843 9401
12348 9657 702 7225 8770 14189 972 3318 6909 7854 13162 11930 3095 2131 10078 13152 2546 14735 14817 10602 2570 13445 2680 6845 11683 14432 11101 5404 3178 5207 11033 3219 7492 3520 4157 10969 4747 4192 7638 11582 4252 8811 9120 5412 9069 5730 5811 8710 7036 6497 6833 8667 8823 7189 7306 12501 9641 9094
611 13581 13951 699 12407 13149 1438 1440 9776 3316 3689 5359 6806 7427 7551 11752 11783
68 12294 14162 14656 74 11738 14180 304 318 11725 467 474 2420 2770 4472 4612 5293 11983 7450 10256 9151 9785 9674
578 13389 13453 13708 8107 9286 4692 12688 5085 7634 11512 11527 10792
14992 9875 14126 1521 13894 3044 10357 5040 9722 11145
14851 1025 14723 14753 6642 11892 2913 3150 13082 3264 3511 4454 4873 5396 7139 5854 10940 7453 11243 7612 9379 9797 7895 8070 8184
107 14739 14787 448 12838 1363 11782 11694 2135 4009 4107 8303 8655 4866 5098 7140 4966 8757 5161 10907 6503 7320 8236 7511 7912 9626 8440
434 10831 12439 13616 692 1590 12006 12992 2026 5021 9868 8685 2620 5438 9123 2701 8035 8825 9000
88 2393 9163 13574 13727 664 12990 13257 1812 12766 2128 2985 9038 12475 7261 10306 7536 7710 9136 7897 9110 9149
14052 6109 653 13409 14828 765 14422 14542 6489 1652 2303 14449 2146 11668 2746 12238 2766 5282 8631 6095 4370 12029 13715 10218 12082 7449 7215 7299 10410 8223 9119 11030 10877
955 12427 14039 14085 14321 6202 13481 8836 4360 4882 12735 5373 5521 9231 6790 7683 11682 8773 8889 9680 10578