2 5614 6161 12014 10269 691 7417 1005 8276 4735 5556
3 14179 14559 14824 11689 516 11739 12819 13893 675 11945 13766 4390 13086 14560 1307 1712 6217 1818 10916 2132 8084 11285 14426 9750 2720 8660 10497 3092 3322 12474 3419 11559 3649 10424 12634 4060 8205 4155 7100 4245 11859 8760 6672 7682 5191 8696 5565 5673 6339 7595 6465 6560 10675 8747 9150 9247 9060 8972
5 14271 14420 14625 173 12618 606 7562 1412 9436 13669 1782 9846 13812 2315 3259 3935 4397 12953 8189 6329 8543 8349 8914 10252 9061 11288
6 10037 10516 12190 13647 3863 2176 10847 3646 8992 10245 4637 4728 5555 7148 6038 6718 7472 6138 6380
7 5196 8973 12053 14362 13356 1136 12033 13433 2183 10745 12062 2503 2495 9958 12276 13598 2730 4533 4793 10414 3297 13625 3635 9004 4130 6473 4491 4521 12325 5846 8426 8659 9475 8734
8 14622 14808 14915 11624 8573 1235 13999 14202 1402 1466 14199 1950 13069 13674 2180 2369 12770 3715 6148 4286 4506 10016 5125 5540 6452 5863 10923 6224 6375 6681 6908 7091 7560 7402 7526 7674 9410 10210
9 7504 8894 11140 83 2821 4108 9507 4270 1735 9001 1978 6924 4079 5908 4984
14883 5546 12840 14956 740 14590 1089 11947 6905 1442 10366 13192 1692 1888 10573 2090 9731 5320 2719 3391 11657 3517 7499 3601 3642 3911 4333 5855 8803 4468 8721 5311 11273 6685 7280 12020
12139 240 13947 14049 14709 14950 4483 479 14897 14007 3218 964 14247 13193 13557 9196 9404 2361 8731 2531 2711 14214 9527 3519 10970 3598 11347 3792 3842 4222 7347 5192 4938 5255 5729 6693 9179 12138 13169 7529 10300 11951
11 11688 11809 12449 1754 5950 7840 1756 9548 12758 3995 10904 5449 5571 5698 9806
12 7089 8444 10736 10865 2609 7745 921 1149 6665 1668
13 4696 11443 14175 14525 392 7320 13677 532 1031 3779 3621 13937 1334 9930 2771 2939 6388 3506 9869 8148 4693 11678 4684 8371 6983 10760 8533
15 4266 6538 7119 11207 176 7930 272 3645 4540
17 13550 14333 14779 374 8968 9701 11218 13878 428 13678 14745 676 12323 787 2375 10819 813 14390 918 13519 1329 14588 1496 1548 1570 1572 2551 3241 3436 10661 5743 10234 7348 9103 7630 7755 7977 9576 8199 8599 10198
25 13921 13923 14178 8342 1175 13576 13606 1640 10436 1851 3097 3755 10463 5128 6631 5312 5420 10402 5628 10728 6019 6494 8653
26 13751 13971 13996 401 12175 723 8617 10086 3738 1147 12547 1654 12988 2410 4526 10361 11317 8074 6510 6726 7816 10044
28 2359 10049 10786 13501 147 4625 9605 12903 299 645 1141 2006 9904 3571 7744 9047 7807
29 14501 14520 14995 14607 198 12155 14679 640 12772 13206 923 999 1027 12737 12495 2019 10623 2528 13427 13416 4214 5159 4426 4432 9823 4736 12304 9153 6202 6369 11844 6471 6903 12747 8482 8738
30 486 7004 8795 150 5638 7718 9458 3013 6661
33 9631 12451 14310 14345 10849 51 8401 13938 380 1011 8708 1251 7858 5081 6391 7328 10825 6253 9558 11900 12377 11889 7274
34 1770 3380 12775 14094 1527 7645 8969 5238 11209 3185 9617 3199 7525 11545 3630 4488 3694 4010 4267 5389 4297 5757
35 11487 14089 14401 56 8087 12128 13100 10026 1038 8779 1241 14461 1747 2855 10977 2257 2284 2512 10205 5270 2909 3093 3303 13189 3481 4383 5927 5931 7581 8214 7931 9615
8962 10399 36 12677 13993 14147 9766 5400 13610 1837 1925 7871 2089 13073 2919 11673 5083 11004 5495 6910 10211 8044 9234
40 10180 10701 11681 1160 7337 11638 2086 2702 2997 3771 5737
41 12366 13033 13924 7872 12541 2960 11740 3189 9531 3841 12468 4138 12309 5530 9952 6901 8166 7723 8175
46 7918 8054 11075 431 6234 7170 873 902 2134
48 10225 11133 11828 13471 62 11196 583 9170 1312 11786 1567 1597 2464 6504 6480 10952
49 11395 12090 12996 261 11198 1006 2337 11053 2137 11427 13072 2494 6194 10204 9324 6251 7066
50 11305 14046 14973 92 4836 9887 12018 209 586 9824 13738 11514 1428 6227 8608 11300 1452 5710 12442 1502 7304 12174 1810 1982 2104 2105 11994 2346 2801 12052 2949 3915 6248 4145 6039 4299 6427 8868 5886 9306 7510 8652 9497
52 10099 12750 14621 208 12019 13348 534 8338 684 13233 13297 1688 10347 1786 9187 13796 3184 3221 3347 3769 3775 3903 4635 6554 9015 10478
53 4502 4729 6306 7191 2578 3306 4237 5683 4571
55 12659 12982 13042 1930 1988 9822 3465 11350 3648 11387 8499 5613 8753 9347 9991
20 12980 13130 14818 57 12478 14634 14771 225 11185 1377 10219 10543 14328 9210 2268 12306 2907 6277 3208 10074 3614 3698 12753 13006 3876 7122 4385 11175 4497 4529 4840 4992 12679 5034 6585 6700 8093 10574 9765
58 13249 14388 14394 14070 160 10120 8541 1180 1673 9570 13301 2297 3131 8801 3466 11491 11812 3593 3599 3993 5316 4106 9670 7521 7424 10784 8643
59 12592 13394 14228 14806 95 549 13117 11916 1332 13825 4946 2043 6583 2103 3025 13037 9099 3193 3250 4291 10531 4407 9546 10808 7611 12269 8866 5307 6114 9037 6370 8186 10223 9456 7387 8615
66 889 8621 14042 14820 334 11404 12296 344 9384 10646 563 8360 10775 8235 1101 11262 8996 1829 3154 4179 8772 3267 8036 5991 4720 4691 6636 8907 5620
68 5293 13621 14180 74 9674 9785 11725 7450 304 467 318 1552 8345 11738 474 7648 12294 2420 11983 2770 4612 9151 3606 4036 7889
70 13186 14433 14579 5594 625 13407 4804 13163 1258 9228 1758 3414 10946 2068 4453 3285 3770 6401 4651 11531 5261 6588 5598 5827 10695 6855 11169
78 11577 14071 14870 14908 815 14135 14169 14323 1079 12911 13220 14991 1276 13443 1356 2087 2173 8062 2205 12866 2309 3335 9978 3695 4171 12437 4495 4619 12253 5581 5951 6330 7068 11560 6936 7094 7149 9742 7579 10114 7847 10533
13963 79 12329 12949 14203 384 8614 2983 499 2010 5376 12332 8706 2800 4641 9071 11699 11369 3618 11411 3939 5717 12311 7842 4688 8310 9938 5418 6333 7698 6618 6873 7772
80 9253 9922 10067 1884 2325 7938 6377 4527 6048
9804 81 13928 14338 14523 399 12525 13289 14469 14045 1394 1530 11184 13819 6392 2234 2266 7928 11052 2514 4294 4557 12342 5016 6099 11769 6223 11363 7811 11489 7993
11128 86 12173 12596 13052 350 11470 409 7079 416 12265 2775 9323 3144 10999 5772 6265 10098 6482 6545 7297
88 12475 12766 13257 664 12990 13574 9110 1812 2128 2659 2985 9136 7536 4229 9149 9038 6694 7897 7261 7710 10306
85 14447 14562 14899 14957 14879 445 4227 9580 13478 14163 472 13320 1497 6955 9067 1232 5212 10518 1337 1469 4284 11460 13707 1638 11950 1956 2424 9637 2638 3198 10195 9089 7496 4340 13483 4384 4645 4672 6156 4777 5122 5213 7362 5609 6061 11416 8229 7056 8689 7278 7987 9488 11291
13623 9792 1053 12360 13074 14112 1126 8366 1380 12136 1445 2241 2298 11384 2417 2549 3120 3433 7474 8554 4906 5996 6914
14372 185 8501 11232 13217 214 11741 12619 14669 12780 946 1513 10489 949 3905 7743 1077 5616 11896 1763 1951 2451 11564 1961 4201 10403 9745 11010 3547 3238 6373 3579 3813 5198 3817 5791 12581 4142 7441 4956 8495 5969 6092 8584 10841 10674 6811 8429
93 11337 12392 13111 13966 1041 1374 11222 10382 1900 9388 9533 2505 5890 6264 3532 4668 6079 10597 6978 8695
94 9260 12629 12644 12692 1607 12186 13402 1906 2035 11094 2648 6142 7604 2905 3724 3243 3247 3526 3937 4977 5960
97 13085 13800 14001 14201 9055 230 13865 7467 1755 1759 2028 2729 5153 9471 5893 12492 6558 10449 7356 7929 7429 10593 8077 8756 8297 8865
1601 38 6593 9599 14545 98 10754 13912 14458 168 3808 10170 11797 14064 9935 8446 547 11166 12764 958 6354 13548 997 12872 1073 4126 1514 13897 12698 1971 7701 9820 2554 2839 2852 6144 6883 4469 9193 4516 10209 12312 8133 5248 5337 10750 5967 7719 10732 7514 8284
99 13618 13990 14887 14944 14059 10351 7569 8718 14480 1274 14754 9036 1365 13134 2042 2392 13457 2929 6006 3038 3800 10505 10594 4121 12226 4408 12672 4676 4833 11210 5037 5387 5426 5497 5505 5535 6351 6745 9250 9104 12400
102 3820 12420 14204 14528 1400 506 4116 709 1158 6229 10462 11293 3996 7862 6529 2646 11037 2798 3032 3112 6895 6663 7439 6243 7553 8622 7818
7691 8583 13701 1976 12969 13746 14084 2454 8754 13507 3142 13161 4462 12814 10974 6717 6756 7145 7559 11636 7670
104 7859 12346 12938 1398 6216 8049 1457 11991 5455 2630 2823 4058 5847 7810
107 6057 8757 14739 448 8655 14787 910 12838 1363 11403 12085 7140 1642 11694 2135 9626 7511 2908 3210 8303 5161 3559 10840 4009 4107 4966 11782 4866 6503 10907 8236 8440
13009 9172 13592 194 14605 14736 14791 257 14100 737 864 8177 2158 2261 2281 14190 4877 9698 4590 12774 13445 5343 6018 6869 7125 7341 7751 7783 10806
110 3044 10357 11098 11145 315 9875 9722 2100 3563 5040 6179
111 5507 10179 10197 13018 3880 1362 8765 12396 12771 2023 2441 11663 11928 3431 10105 4210 12793 10936 7355 10611
113 10392 12137 13234 136 6457 10548 12763 1062 9787 11422 1203 1478 5761 8082 6283 9355
14251 544 12820 13135 13455 575 13556 969 9886 6599 4110 3063 3604 9188 10169 9419 8094 4243 13068 4460 6355 6927 8048
12027 276 12328 12465 1539 11391 2862 3451 3655 3968 8014 11954 9890
119 7127 11971 14321 366 469 4480 670 3174 11517 674 6709 12088 2623 11538 4037 5178 5188 10980 4794 5055 5076 5604
121 12881 14039 14431 537 12794 1555 13818 12200 11226 12241 3010 3829 5170 4282 12660 4509 9572 4927 5917 6187 7913 8794 10793
122 7478 10286 12994 251 12588 1482 9335 10293 2147 6626 5367 4028 8400 5684 7301
123 4726 13873 14051 1923 13458 2030 8819 10194 3807 8804 12096 4467 10982 4477 9132 10613 7775 10470 7961 9017
128 10241 12218 12399 346 937 8442 673 2600 10410 11937 752 1224 4512 8434 2106 8650
132 12812 13769 13986 4961 12362 6921 12984 4461 6639 13487 4652 9888 10328 12044 6014 6394 9802 6913 8190 9086 9426
44 441 9967 11869 5452 1331 6648 8932 1664 4131 5018 5071
6490 142 12352 14872 14980 223 9606 12060 742 9325 818 7432 8788 13334 8363 1413 14925 14977 1794 13682 14106 3295 2573 2575 5407 7950 11067 2601 12132 3133 3567 11637 3640 3748 4087 3933 11426 11955 8321 4714 7584 12443 6113 10763 6830 7001 7360 7428 11424 8898 10166 10153
145 9889 14295 14314 14468 385 12580 1672 11186 3085 10824 4103 6295 8860 10833 4193 4757 5323 5329 8524 11114 5828 11822 8050 7892 9321
148 2668 11773 12537 453 4200 9782 1130 10537 1844 5470 2194 8408 8805 2667 3678 6056 8642
152 14602 14657 14658 5642 1436 14342 7138 14257 7130 11154 3236 10706 8225 6429 4213 12823 4414 6431 6440 6766 10603 8220 8842 10713 9387 10162 10036
153 8815 14761 14792 560 9275 12211 1305 10396 1483 13792 13748 1955 13631 2057 9367 14775 2187 11767 13242 2700 12628 9985 7143 4357 8745 4363 7151 4716 5097 12470 6150 8080 11552 12037 8414 8475 11079 9284 10989
157 9584 10386 11320 2150 4154 7932 6971 8874 4987 5468
63 10536 13277 13845 9777 268 2285 6767 1165 10434 11322 1345 12331 2196 2594 3450 4354 10199 7503 11485 7616
161 2323 10157 10860 1088 5117 10632 5297 3328 5303 5597
19 9490 13775 14437 163 14825 14847 624 11428 10839 13562 1378 5340 1535 10941 13399 2062 4140 8075 2107 2168 2247 2398 8945 2604 2826 3100 3137 3157 4487 3890 12010 4387 5631 5663 6372 10185 6475 7582 6796 7097 8493 10316
167 3312 13154 13839 197 11718 12115 14486 577 1751 10722 4631 789 816 7144 11125 1983 2515 5391 11348 3045 11707 3623 12280 3762 3904 11235 4180 4807 6679 7629 10741
169 13076 14183 14205 14695 2473 4114 570 11359 7599 13861 1547 13005 14101 8468 1715 1793 12868 2114 5538 2405 10297 2447 8890 7737 3056 5617 12042 3262 11250 3734 5169 10979 6240 7804 8502 9629 6086 6761 6300 6813 9409 7414 9537 9661
18 11465 14061 14688 158 10452 12970 170 12865 13244 820 2048 906 10456 920 12145 12257 14563 1476 11890 1894 12001 12336 2273 7003 8001 2394 2448 8927 2434 2442 7236 2463 7105 2749 2818 3272 3533 3661 3891 3803 7131 4317 6107 6149 7886 6612 10276 7673
9440 14069 242 6106 9390 258 10266 11866 13602 7978 3997 1721 13667 2301 10134 10333 3008 12251 3928 13395 9892 6861 5433 9246 5905 6797 6245 6262 8516 7028 8253
138 5241 13283 13747 13572 11764 2999 13558 2050 2764 12921 13337 2500 13159 6576 6027 3881 3910 12639 9157 8934 5916 6091 6393 6454 7184 7243
8348 184 10683 11469 12572 462 8926 10624 651 10101 10772 11183 7715
11483 186 10953 11712 3410 6212 2901 11979 3012 11290 7224 11234
127 13513 14303 14632 14877 189 11477 14889 259 701 13255 791 6062 991 1048 11670 1134 12444 2215 1390 13870 3304 3103 3107 3560 3626 11749 4564 4741 11911 5291 5707 5867 6360 7077 7203 7967 8594 8491 8939 8849
190 6449 11041 11917 2188 7797 9108 2849 3020 7104 5989
179 13512 14389 14934 14807 605 14923 13773 13447 951 14330 1159 13267 13815 14435 1285 12066 2032 2326 13294 2355 2615 9942 10388 11964 10649 11929 4014 11376 6338 4494 4642 12784 4712 11609 11377 5688 5773 6506 6268 7132 7488 9949 7736 7763 10880 9072 10836
192 6984 9987 13207 7519 1560 9169 12344 2008 2404 12117 3105 9451 10226 5866 8645
4713 196 2388 9085 9788 10785 604 1908 6553 2707 3331
199 7709 7852 11613 12242 784 1614 9243 1687 2523 3469 7382
71 13549 13686 14633 12141 11808 372 14497 531 571 12640 12229 756 8600 12769 13806 1773 8856 4372 5472 2484 7325 3266 13093 9730 7676 12414 8565 10945 10563
202 10925 13456 14208 5832 1417 3379 9520 1920 6750 2490 7489 11378 4279 8226 4678 4507 4774 6083 4787 5914 7323
204 11758 12681 12700 10495 1689 1350 12234 3979 4019 4939 5721 6078 6816
206 13832 13894 14037 458 13837 9542 1091 8332 2576 2974 10359 3307 3726 5651 6043 12129 8173 11039 9048
210 13171 14225 14749 387 4771 9095 14261 927 3352 10798 10861 1226 13633 7686 12778 1713 12268 2003 2319 2402 13553 3542 4263 4700 4990 5584 6247 7266 9474 11312
211 4685 6749 14129 1201 11472 1294 9642 6008 1986 9320 10450 11292 2065 9619 5228 2980 3740 3944 6929 5109
47 13485 14090 14148 14518 14031 13836 961 7713 1246 11959 1639 1855 13733 10124 2740 13321 5485 6090 8372 6868 9276 10171 11619 12197
23 13722 13752 14334 14843 217 13473 14650 9082 688 8322 12762 13679 1112 12701 13583 1177 10633 12665 1225 10186 12463 1599 1752 2055 6400 8940 6437 2226 10582 9494 3384 3639 11324 12802 3860 3906 4524 7234 3925 4023 8314 4368 4486 11792 7309 4743 4751 5032 5780 12151 5965 11368 10850 6604 6825 7544
224 14666 14686 14819 248 8311 11393 418 12540 14743 8103 1218 12999 14267 9862 2728 11331 2863 12608 13813 3074 13668 7133 3497 3522 4187 10406 4323 4931 5580 11284 5728 6291 6610 7181 7447 8618 9427
14003 436 12925 14065 885 11599 13050 10381 2081 10143 12912 2888 3589 3709 6438 5184 4234 8730 4542 8335 4895 6302 5799 7377 7389
90 13521 14226 14967 134 14784 14902 14946 226 6838 13489 14911 11972 14365 12551 747 5685 1110 1293 7030 1336 9861 1383 1434 12828 11724 1883 3850 12144 2014 13541 2204 12219 10136 2517 3539 13805 3581 4016 9468 11021 4329 10882 4339 4535 4871 9148 5558 5182 9669 7157 10868 8526 12751 11351 10720
228 4633 7440 9906 288 2976 10140 1716 4170 3825
564 3126 4577 12056 989 9736 9905 10737 1119 7680 9445 3040 5579 3658 5849
235 13132 14548 14642 5250 14325 9232 589 11441 14393 6084 10373 1405 1669 2099 3265 4352 5144 4949 10769 8313 5476 5488 5788 5842 5974 6842 7893 9360
1171 237 7433 9655 10060 762 1399 5471 8820 9532 8701 3155 6552
14054 11760 10922 241 14427 14846 834 13467 13385 13967 14756 9045 2184 13465 14815 2324 2362 3564 3313 3346 10355 3462 6386 3749 3568 10579 3922 8688 13359 4003 5741 4514 4647 11143 4800 5459 5896 6250 6948 6565 11365 6625 7733 8539 8703 10079
243 10504 13053 13600 10686 768 1650 7033 12277 783 9090 10317 943 9266 10422 9609 4147 2757 10018 3597 5852 4064 4846 4919 5440
244 12378 12787 13271 256 12316 13555 1749 2157 12259 10356 3130 3269 4081 11500 7614 9757 11152
10377 245 6218 10443 14364 1470 11590 11750 13945 7667 2391 13729 2614 10998 2838 8005 3068 13702 14217 3233 3350 6252 7636 3383 9386 3590 7096 7134 4038 11640 4044 10031 4841 6135 8693 5274 5956 6361 8252 8909 8922
246 7358 7788 13932 14472 8447 1216 6383 14197 2098 2373 10568 3408 7903 9763 4314 8113 6024 9894 6650 9081 7410 8947 8219 9640
247 5946 11665 13032 13381 9508 2482 6828 2776 7248 2796 4162 5411 4169 4277 5747 9643
164 4522 8597 13622 14912 252 13246 364 2847 4897 8020 10043 7879 1176 8271 10528 1551 5065 1778 9582 2116 2260 2492 10493 10710 2626 8420 2933 7141 7746 3035 3521 8015 4093 5918 6378 10668 9290 9994 5591 9222 8086
308 13285 7857 4614 253 11073 13844 14227 6141 929 7067 1233 5875 2207 11586 4254 2841 8986 6343 7012 8309 11078 6405 7663 8379
178 1102 13444 13554 14336 193 8270 12447 255 13474 13952 13760 788 10965 1124 8149 13125 1625 6272 12832 13094 10258 7339 1843 13108 2513 12185 3398 8068 10045 3697 3727 3941 4048 12834 6826 4431 4687 5901 9902 8960 10740 10329
260 3896 9593 11020 293 2036 411 1473 5043 3041 2651
269 7805 8433 11279 4936 3460 6794 4649 5830 7832
271 8732 13584 14008 12546 5466 1346 12158 2710 13353 5777 3843 4289 8671 4746 6192 4963 5943 7522 7602
273 633 10201 14417 9870 4417 12293 1308 13302 1488 5548 2827 9237 11407 3475 6261 3529 3676 3923 7052 5115 8844 9590 5366 7740 7610
14033 274 12237 12327 14966 378 12606 13809 14534 4583 11153 1131 14384 14860 13730 14006 1304 13711 1853 10636 2595 3692 12045 2741 14609 10895 7276 5668 3877 9263 5473 5998 11576 4750 11442 4823 7730 9524 5818 12632 6518 6536 6525 9897 12248 6817 6890 11190 9712 7829 7873 8602 8125 8559 10089
277 13469 14231 14797 14855 415 11338 490 13333 13731 667 9024 10464 1910 1090 1435 13900 14307 1287 12156 1823 10884 10500 2650 3050 12016 8455 11589 3596 3746 4052 4661 4762 10230 5563 9504 7334 8698 10481 9282 11573
265 827 10671 12530 278 2267 9383 10156 10267 878 672 1238 2197 10164 2694 6413 6058
280 8895 10731 11695 1826 9607 2151 9482 2231 3413 7754 4275
282 2946 13045 13146 14063 663 11255 12924 925 2329 3729 2538 9242 3268 3478 8058 7990 4328 5075 7801 6267 6874 7800
283 13632 13930 14079 579 11231 12358 790 1116 9726 9272 1339 11340 8768 1838 9901 1839 1958 2747 3239 5680 6771 8438 8245
10906 11371 284 4510 1188 8613 1984 3965 8091 8267
165 8983 13810 14409 14680 2647 289 14284 14339 424 6698 12685 880 1013 1360 7219 9998 2856 9495 3588 3752 4080 8064 5298 10813 5506 8949 6193 7784 11528 7548
290 11496 13650 14320 527 12879 13867 569 12738 677 12993 814 1096 2586 3016 7271 3244 9839 4239 5235 5551 10453 6435 7732 8636
201 12189 12391 13437 292 1049 5352 1098 6316 13778 1279 1584 3072 3200 3252 4957 3607 7613 8557 10050 5753 7426
12238 39 14422 14449 14828 14052 13727 13715 653 14542 765 10218 10877 1151 11030 3970 1652 13933 2146 2303 13740 2746 2972 12069 4370 4484 6109 6095 11668 6489 7299 8631 7449 8223 12029 12082
297 12928 13898 13902 599 9002 12222 622 13315 12305 1693 2316 4740 9159 3438 3501 10903 5494 9166 9992 7084 6017 6445 8717 7201 8018
13280 11780 298 13566 13603 12263 1657 1957 10959 3980 5566 12105 5834 5936 9880 6966 8449 8598
14596 5633 302 11488 14829 14998 452 13799 609 14549 10029 623 4029 14522 637 14099 6654 1001 7960 9563 1008 1028 11484 12543 14539 1205 13905 1319 11208 1352 10519 1446 1684 1885 5567 2242 4803 9073 3471 3573 3759 5135 5254 5324 5533 10506 9709 7064 10244 7327 10866 7396 8318 8479 8919 10135
305 10643 12627 12887 9491 976 5498 1044 7946 12955 1678 3152 6152 7032 4031 4262 7495 4894 5898 7501
306 1891 5655 10942 540 11734 11887 12472 4719 840 6831 1375 8670 3543 4078 9812 2767 7408 5881 6542 8367
129 9652 14640 14782 309 14216 14833 886 13071 13826 14463 13516 1033 13948 1099 14253 2040 5475 1708 12976 3772 13145 7795 4792 5151 5317 10326 6220 6595 11791 6965 7173 7211 7289 9140 11886 10598 8532 8680 9018
310 9774 12398 13755 870 9799 10887 1450 10113 10897 2662 3168 9666 3317 3387 4591 5121 5635 9029
312 8905 11721 12920 13654 405 9648 13591 1519 11607 1576 10407 2811 9395 2941 7954 4074 4174 4621 6422 5284 6847
267 7194 8228 11379 313 2462 6002 10439 509 9540 685 7459 9373 9481 897 2610 5164 3484 6974 4159 4264 4226
13749 14164 371 14482 14850 14891 484 14121 14573 11558 759 14881 848 1209 14264 13496 2162 12416 13055 13511 2971 13732 3934 13272 4304 4704 4889 4964 12176 5848 13396 8204 6798 6857 10540 7431 7639 8108 8530 9912
2808 326 11557 12858 13601 13721 2670 11179 8051 10734 3513 9719 3553 4670 3650 12406 4399 11763 6140 7759 9126
118 11705 13284 13882 287 14185 14691 328 13776 332 13728 14585 12401 696 10855 11861 14241 10817 1670 4412 13363 3000 2079 2279 4198 2502 2898 6470 9832 3309 9054 8956 3566 6139 6160 9749 11269 4463 13175 5341 5630 5763 6116 6210 10983 9492 10921 12279 6345 6635 10272 8231 8578 8079
335 2589 4167 4904 9343 3617 7338 3609 4766 6270 4626
12477 319 8786 12462 14116 336 8092 9680 14290 373 12154 7258 613 13129 13984 748 9330 979 12382 1338 11297 12405 1671 3166 3837 2457 7000 3263 5048 3834 12900 4476 5004 9926 7877
13979 339 14113 14487 14571 14305 12790 804 1703 14220 1850 13560 2092 2142 8991 2842 3499 3889 5756 6786 5784 11519 9658 7601 13080 7864 7924 9309 9743 9279 9477 9645
342 9304 11120 12351 440 9493 10619 838 3873 5444 6328 5804
262 3428 12506 13637 345 13166 13864 14442 888 2785 13087 13245 1111 11883 13210 4566 1595 12025 1699 13362 2122 2185 6550 12026 2474 10944 2868 3723 3246 4420 3319 11561 10165 8857 7624 9694 3988 5378 11685 11985 8577 7520 8069 7618 11212 11875
8439 349 8460 14841 14842 14958 6915 485 9854 14948 849 13983 4472 11160 1590 14615 1697 11711 14979 1890 10724 2085 8179 12693 2430 2732 3315 8181 4062 4186 4349 4809 5062 5326 5762 10681 6371 6770 6773 7515 6968 9768 7835 8590 9112 9300 9628
352 9051 10780 11131 13197 475 9423 11716 497 12183 655 1354 3128 1039 7317 9503 5522 1408 2922 6701 3447 5585 8593 5078 6131 5731
353 9083 12669 13463 1054 12642 12945 1621 10313 10418 13104 3204 3237 3641 5049 5806 5063 7461 7200 9333 7400 9064
354 1766 7498 12567 1210 1359 7919 12813 7373 6074 1904 11205 11526 9264 5711 9185 6164 6938
207 14369 14395 14935 355 14337 14530 14392 557 12098 14767 760 13492 1021 11912 13593 11450 1499 1966 1964 12905 1969 8100 2607 4223 3376 4120 9828 4551 12297 5067 5112 5877 6093 6949 9397 9028 10128 8619 8910 10142
356 10996 12446 13361 13817 10437 6822 2075 8707 4662 9026 9167 5327 8296 12318 5578 8182 7324
177 11023 12544 12668 13891 14317 360 13165 13243 14156 14945 10789 13338 1097 9078 14416 1429 11660 1456 13224 14488 1520 11458 10068 1776 5794 3110 3473 5744 3806 8546 4220 4273 12256 4306 4346 4553 5223 5003 5469 11065 6189 9080 6448 6572 7557 8233 8099 9220 9793 9346
361 13609 14176 14874 461 6147 12908 13744 567 12716 14478 14675 11891 874 11616 12916 1628 8432 7796 1847 14664 2734 4947 4006 13307 8595 10115 4433 12431 7484 7944 10027 5258 7814 12519 5446 5549 8359 5864 13914 5972 10684 8325 9622 6754 12637 7570 7494 7776 7535 11148 10332 9301 10555 11394
368 7767 11420 12578 793 7598 9452 10900 3205 3773 7222 3917 8006
87 7561 14206 14219 9084 291 10483 13505 14648 7368 2178 14812 5800 612 3224 12184 13462 714 9005 14821 992 10314 1963 10606 14960 2046 9909 11771 2240 8288 2276 10374 2603 10375 12118 2635 2674 6198 3341 13352 3405 4191 3535 10290 10807 11289 5302 11777 5536 11534 13648 6125 6246 6408 6728 7321 11130 7617 7942 10093
12299 375 8030 11862 726 11138 3540 2853 6805 9359 5774 3690 6713 7411 6645
377 10930 14308 14922 1230 2390 11117 1781 12552 2093 7046 9065 13995 11854 3055 12002 3986 6759 12690 12748 4173 5036 5111 9288 5233 10790 5461 10253 5510 10863 5955 6411 6863 9611 6862 6891
379 13687 14606 14653 776 13910 14716 974 13497 14981 9821 6769 1783 10251 2174 4953 4752 2666 11905 8300 11027 11417 3046 12860 13288 3106 8665 10949 7340 4119 4313 11850 4508 6044 9391 13025 10240 4892 5372 8814 10511 5687 8118 7641 6257 6515 8633 10315 12163 10263 13000 7731 8564 11381
13615 14023 620 14181 9753 1163 12825 14331 1411 9328 11069 3275 11162 3830 11661 4063 4361 8452 4425 5136 5797 6547 7082 7637 9578 11161
12610 382 3908 7497 14582 1016 9784 12585 12877 6950 1269 12496 1271 11261 11355 1421 4435 1762 4012 7014 7635 4738 10442 5504 8515 5986 9587 6643
171 9852 10107 13428 383 13286 724 2067 4011 823 7214 1382 4351 1811 7876 9229 4913 2169 3392 3953 3612 4910 4828 7677
4301 386 14073 14256 14344 4627 2986 14141 4295 7543 4281 14196 13364 4513 12245 8307 6133 6205 7980 7597 7726 9466 8037 11748 9417
388 12710 13024 13150 1103 2510 3386 7256 9406 4745 4858 8387 5649 7423 8684
10104 14161 14490 576 12852 14583 14087 2733 13925 2981 12785 3797 4778 10336 10770 9087 8266 5970 6292 11174 6352 7316 7687 12264 8389 9403 9420
295 12302 12641 13261 314 2663 8171 12898 391 6284 12192 10858 903 11800 1866 6191 2127 10323 3333 10118 4629 9756 9996 9939 10190
10496 395 8462 9478 11789 4446 9716 4699 4901 9372 5271
11845 397 4568 11806 12663 13408 6795 13739 1626 11124 1928 8681 2769 2848 4849 8611 10338 10829 10051
14676 155 14593 333 14473 400 13705 14272 574 11817 632 947 4403 2460 13509 3587 4151 11880 4177 11571 4250 13027 4485 10620 5987 6918 7164 10508 11063 11539
402 809 5527 7259 8569 9781 1187 4112 4202 1228 1875 2883 3357
403 12058 12871 14018 5253 13200 971 9399 13298 1704 1822 5339 3114 9106 3838 8222 11570 3974 5092 9092 5174 12337 6933
317 5026 10859 12039 404 1146 10141 13043 455 7507 8398 5314 3482 4821 10176 6551 6791 9287
367 12424 13612 14262 406 11233 12997 13698 417 14318 634 13506 14878 911 12393 13974 14316 917 12112 1009 5662 1067 12591 13227 1458 9747 1604 2051 7643 2125 2145 11620 13019 2895 7716 3418 11542 4348 11908 5388 10590 5416 7921 5925 9976 5825 6309
412 8489 11481 12379 1419 10188 12575 1993 7017 9900 7850 4517 5612 8810
414 12168 12483 12848 7765 4710 2591 12013 12489 2692 11083 4810 4825 6916 10220
9614 419 13994 14144 14671 464 10811 14906 14953 830 9927 6628 13003 6899 1737 7011 11878 11952 8603 11043 9891 3381 3703 14302 3731 11084 3763 12646 13642 4868 10238 5175 5296 5518 6016 6070 7176 8395 10851
137 10762 11325 13112 13374 429 12031 13375 2097 11574 2339 2428 2698 3396 9352 3681 4523 6793 7705
13717 14594 232 14629 14800 233 9662 13790 14309 13010 11584 901 13502 1020 14533 10743 5024 1580 1632 11847 4648 2994 5059 6611 3707 3895 4099 4208 4459 13523 11704 5957 11601 10181
433 2669 8755 9553 11220 1087 6584 9348 2225 5093
434 12992 13616 13780 678 8035 13097 692 2026 6409 8825 2701 12439 3009 12006 3277 3976 8685 5021 5438 7551 9123
14696 435 14481 14717 14947 588 12611 603 1249 12598 1082 12843 9560 1169 12989 1301 1424 1882 2190 7121 2328 5595 2690 5234 5349 9841 5355 5839 5983 7793 8217 8109 8752 9313 9318 10138
8273 437 11105 12166 12861 2016 11580 5089 3058 10012 3605 3831 8174 6190 8807
6992 438 14111 14475 14513 504 14459 627 12926 13580 875 11474 11980 11805 7721 8808 2160 6814 4528 2790 13342 3708 3719 13179 4308 13476 7363 4334 7115 11390 7137 7246 7644 11813 8261 7768 8155 10558
16 10419 12827 14801 10964 443 14083 5994 1368 13454 1605 2119 12448 14355 2387 12979 2602 4141 3500 9913 12487 11648 10109 4013 4608 7568 6416 5759 5912 6199 9127 9893
444 3754 14397 14623 725 8729 1186 11217 1646 13115 2300 7166 9646 12715 2363 11277 12170 3211 13304 3286 3900 9908 4411 4584 6967 5590 7470 7007 7462 10299
449 13382 13807 14382 12372 636 12095 13724 14965 1222 13004 13391 14567 1509 14896 1569 8902 13546 1630 14471 2078 12974 3176 9608 3226 13410 4153 12313 8609 3744 13579 4271 5910 4715 7155 4856 5030 7101 5050 5222 11884 5755 6089 6433 10648 7590 10019 12711 8425 9613 8882 9402
454 12706 13040 14373 10331 1674 11680 2110 5008 11024 2959 11513 4182 10852 4342 12349 5564 6990 5648 6459 8719 10795 11397 9143 10296
456 13808 13866 13954 1148 13726 1426 1927 12291 3022 3456 12673 8197 5203 5702 10421 6242 6738 8566 10586
13491 174 12718 14544 14986 187 11135 14961 610 4364 11717 746 12497 14921 846 7834 14905 1070 7311 1558 1594 1852 2350 6447 2389 2429 12623 2446 11309 3733 2627 9513 2686 5460 12481 2754 3170 3619 5140 3883 4097 5210 4353 4358 7650 4451 9718 9972 8604 9705 12123 7725 9211 9256 9813
22 11864 14737 14805 4879 10484 5263 459 8088 14349 14441 13909 1741 12844 1977 2027 9594 2412 2673 11973 3874 13613 8855 4518 4681 5127 6163 6237 8476 10879 6478 6528 7129 9914 10248
12365 460 8232 11865 13426 14278 798 11957 4008 1805 12765 2221 2445 11772 2931 9031 3868 10547 4235 5405 5792 11943 6649
11259 9685 2590 8339 9706 3969 5386 4496 5347 8141
463 7782 8256 9833 3178 4909 7291 4007 7212 9312
14 239 2846 9093 10158 12696 686 7369 7640 11321 2639 2809 6619 2703 8346 11977 9052 3298 3721 5888 9438
7860 10532 154 8893 11081 12368 216 5694 10541 12494 327 12612 12950 13113 13299 522 12103 595 11872 795 973 1056 5679 1772 9969 2189 2356 2458 6637 5622 3026 3556 6836 8828 6691 6982 7541 9245
468 12609 12723 14893 835 6168 1154 12874 1191 9035 1449 7455 8545 8632 2364 13044 2598 7009 9374 2724 2887 8953 2926 6840 3894 4708 7878 10846 5012 8038 5713
12065 470 982 10080 11343 11647 502 512 5681 11907 11984 1072 5380 11423 1867 8435 4134 8591 4845 10637 5588 7306
7057 473 13607 14120 14265 9903 1944 8510 13102 12885 3701 11978 4724 5201 5690 5787 5889 12310 9298 7605 10363 11005 10520
8265 14639 10612 476 9000 13922 14193 9183 719 10580 13795 847 12937 13239 1215 8347 8437 2249 4986 2296 12532 2871 12966 2917 6298 3034 6399 9131 3420 11898 3454 7239 10191 3476 3774 3827 5592 12030 4337 4438 5267 11925 6616 6985 7880
477 13368 13892 14258 13168 10288 10814 2829 10635 13312 14245 4643 10947 7820 5348 10886 5542 5569 5990 12402 6418 10039 10862 11509 9101 10804 9516
480 12965 13306 13370 1193 12568 4260 2136 5850 11548 2403 2416 7509 11264 3981 10831 8644 5725 5736 6659 6808 8522
1454 481 8715 9412 11853 7951 2889 7452 7908 5489 5280 5330
42 4943 10700 13274 14030 151 10905 11330 11432 14778 5205 482 14413 14704 14705 936 915 14154 12482 980 12261 990 1035 13138 13417 1544 1641 1764 2018 6505 10967 9394 2625 2678 5619 2695 8384 3051 9454 3104 12621 3249 3554 3613 3629 6549 4581 11012 11995 9879 6537 10682 6998 7051 7107 8831
13745 12122 420 12094 14149 14703 14900 483 14546 14580 717 14942 850 14823 872 12412 895 9734 10544 12314 11028 7539 2230 9213 2406 2520 11272 14714 3435 3507 7460 3804 3884 8124 4082 7587 4416 6275 11996 7078 9771 6942 12147 12702 11016 7183 10255 9385 12213 8123 10154 8784 11310 10950
487 5995 11150 12371 876 1114 6860 1015 6080 1036 7076 8628 1592
124 11398 11803 14299 324 11644 13008 426 1828 12315 488 12742 14929 662 5678 7199 12386 871 3785 10184 10805 1200 12490 1550 1832 7823 9884 2053 9962 12829 2347 2816 2465 4935 8376 3011 12247 3912 6327 12320 3940 8415 4196 9683 7923 5088 7409 5143 7063 7353 8305
489 3672 8764 9825 10966 1129 9407 1994 8780 6662
24 10247 14659 14840 9063 14636 492 14783 14996 14451 770 10273 10768 9974 1202 6627 14720 1268 12754 6946 1484 12266 1619 9405 14939 3728 2427 8312 2874 13779 2952 12584 3480 9807 3741 3758 4231 11962 11241 4883 5439 5939 6213 11457 7573 6876 9744 6947 7318 7502 12380 7693 8459 11888 9011 9138 11480
495 4172 11334 14555 14159 6289 1427 13064 14868 6256 5374 14558 11048 2485 14876 2727 3369 10986 3580 13657 9748 8581 10321 13842 4934 13627 12488 5383 10352 5447 10629 6348 8275 6567 9182 8886 9161 9711
501 11478 11479 13522 2423 11358 2539 4355 8741 13078 8178 9181 5290 8071 5419 5602 7749 7116 7364
143 3631 7205 9545 505 7288 10460 1404 6087 9118 2920 3235
296 6753 12181 13486 365 511 8467 12301 13388 8558 1320 1667 10601 2286 2893 10354 3432 8900 9871 3960 4504 8263 4806 5561 10641 11080 10087 7817
513 3442 5165 5351 9986 4199 4474 5562 5141 5817
376 4576 5706 7287 515 1115 7986 4092 1261 1612
519 10371 13822 14236 11756 1252 3882 9704 12083 3687 1744 14907 1813 14282 1872 6930 13777 1937 14324 1998 7898 2133 10131 12454 2472 13713 10527 2616 10372 2819 10729 3498 13585 3732 11096 3781 3816 6007 9023 4663 9434 6731 6108 7646 12517 6282 6666 7694 8259 7182 7738 9916 8294 8629 10008
521 13421 14366 14665 13530 769 13195 1324 1395 10592 1479 4302 12110 12689 12167 1880 13906 10810 2681 11522 2890 3351 3991 4164 5104 9413 11920 6308 6917 8879 10081
43 4769 7438 10874 13962 12048 703 8887 10642 1184 7826 8880 1220 10003 1541 1795 8691 2331 2524 6922 2995 3161 8364 7868
6514 393 10873 14222 14304 525 12995 14885 14928 1392 14910 14933 8121 13793 2012 2253 7651 12376 2797 2921 14043 4030 4094 12801 4123 9803 4204 4655 13518 4779 10644 5101 5869 6344 6419 10513 12947 7442 7523 8790 12134 9040 10246
10856 279 828 9164 13028 338 2487 5138 5664 11913 363 9130 13829 14519 526 10963 14105 966 12777 1270 1272 13357 9062 13451 3007 6789 3125 3550 3602 3846 4189 4247 4848 5305 8933 10711 7180 6870
542 10898 11121 12433 1234 7298 7827 2311 6976 4195 5553 3213 3289 5610
543 9840 10501 11066 13127 1047 10747 12079 1381 10914 2321 4638 11497 4679 8168
45 8623 8837 9043 10715 1278 8076 3628 4255 5659
77 5856 10915 11362 548 953 9235 10676 959 3183 6778 2121 3031 5398 8507 7365 6132
14647 13718 10337 13343 1217 13187 1250 6758 7163 14692 9446 2148 14234 14503 2358 4785 13172 2476 14012 2996 12061 6979 3659 5102 6541 4160 4205 5421 5919 9717 6810 6881 7585 7963 8240 9361 9649
112 11658 13804 14951 7780 552 1690 13659 626 12882 13323 6801 805 13538 5137 1934 9848 11335 8343 2029 11642 13007 2736 11202 6496 3119 6784 10911 3425 10864 3569 10990 3624 3854 3717 5865 10628 3898 7092 4325 8466 5257 8477
553 6590 9868 11914 821 957 887 6359 5381 1821 7756 4018
554 1322 8518 10491 11934 658 5256 778 7910 7927 2468 2606 4872 3468 7192
3839 13827 597 12290 13153 14678 4842 924 4322 1609 7542 8257 14385 1723 2314 4541 2588 6951 10002 3101 8052 11102 12667 5214 5361 10345 10617 5568 6682 11257
10843 14762 558 12534 13230 14057 727 14655 1017 13482 14035 14591 11525 1063 14504 1461 12081 14517 14978 1574 12119 8458 2579 8700 2989 14343 3111 4983 10221 10284 3901 13461 3971 4933 9340 11839 5177 5262 9564 6025 7532 8431 6498 11106 6609 12130 6677 6755 8422 9538 9077 10562 10318 11895
559 12450 12600 13330 13886 568 11276 12599 1366 12114 1443 3288 3750 4332 10689 4457 5199 6867 10910
561 3638 8017 11969 669 8350 1586 4184 8413 1718 2031 2354 3385
565 9480 12807 13853 1050 1369 11700 2007 5079 8775 2011 9616 2156 11178 4592 4989 6467 8040 8111
390 9442 12923 13889 11301 13890 7958 1859 13107 3017 4650 8735 3853 13688 4146 7974 5514 10466 7381 9485 8161
584 10727 12288 14182 11082 1281 13228 1505 1643 12254 11958 3660 5462 4914 4698 4862 9476 10961 7945 5464 8766
585 2288 8596 10307 753 6166 10553 1266 1879 2556
587 2751 13781 13908 1093 13091 14276 1357 2376 7044 12298 2013 10735 12230 12804 2259 13167 3739 5353 3146 12028 8601 5051 7939 9058 9225 10645 10774 5858 11059 6200 6894 7902
300 3477 8193 8793 590 4567 10408 12131 1536 1886 2550 5218 2559 4268
106 5015 8977 9342 13639 229 12074 12895 591 8673 803 1092 1113 10231 8813 2641 8096 9963 10066 3371 4730
593 13066 13714 14380 944 12355 12876 2705 2262 9699 12571 11482 3064 11132 11173 11410 3927 11742 3956 4265 9954 4737 5467 5481 6630
316 10800 12116 13026 14423 601 9224 10667 13884 892 3647 12704 1071 4903 10857 1600 10567 11181 13105 4599 2348 6404 3082 4004 8041 4293 8845 5704 7976 6479 7109 9392
175 11219 12084 13133 227 12666 14118 6720 608 10888 13335 844 11781 2869 3002 6546 6530 4152 4439 9111 5027 5046 6981 8417
614 9973 10670 12199 1820 9128 7574 2219 10077 3334 3339 5906
10556 615 13743 14644 14826 1043 6103 14707 1467 10924 8497 2235 14419 2415 10523 12381 2861 8677 9364 2894 10626 3047 10551 3872 6081 10985 3949 4415 4458 5812 7171 7483 5166 9241 10370 5823 6820 10022 6827 10545 6907
616 6704 11032 11221 954 9960 2383 3372 5537 6346
76 13377 13596 14367 286 13788 14699 573 618 13347 859 13700 8556 8095 1792 2124 6384 3194 10149 4181 4288 10589 4665 12560 11833 8282 7773 11238 8260 11228 8948
4999 619 7035 13466 14844 14938 712 12017 14483 14651 812 11899 15000 12542 13039 1618 8129 11807 13142 2374 3600 12209 3657 3685 14000 13181 3946 13247 11188 12148 11597 10360 5456 5503 5735 10435 5878 6023 13434 6451 12236 6608 10319 11107 11326 7098 7310 7448 11119 7620 7729 7926 8029
12822 11541 621 11014 11926 13384 14536 13215 5949 968 4680 9267 13545 2370 3878 13118 4982 7899 5106 5217 5479 11473 6396 7490 7870 8946 8985
628 8320 10912 13191 668 11814 12441 13049 1343 6644 5712 6214 2076 4562 13397 2970 10844 3004 3487 7623 7186 10091
14415 12728 12853 8519 630 14403 14526 1030 12235 11965 2975 2422 5496 2605 9483 14096 2832 2854 3086 3254 4434 4098 9758 4874 10827 7020 10943 7464 8851 10599
11307 14438 1083 14153 14499 1358 10046 14457 12104 10283 10585 2139 13038 8484 2330 2812 12649 9066 3290 4086 12367 4209 4692 5251 11653 8202 8776 8913 10271
222 9022 9559 11446 638 10155 10610 705 2475 7790 1444 5760 8164 2435 4242
639 9878 13723 14026 11095 1172 9672 5516 1870 13665 2338 11299 3857 5428 6319 7607 5775 5845 7198 7393
642 6850 8126 11961 12759 934 7836 3075 4124 8799 4290 4428 8555 6516
644 10779 12589 13564 869 9439 10364 1830 7305 8904 2685 7108 10160 2991 3202 3363 5108 4071 4298 6320 4413 5379
2774 8341 646 939 4022 4996 8740 6173 1029 2171 7085
9625 14122 14252 10758 2352 13772 14244 9945 3673 8514 10739 3777 6815 9794 4701 10052 6364 10853 6591 8412 12727 6640 7813 8308 11018
14493 14974 11486 1198 14984 1876 12724 1973 13843 9512 2496 7689 11671 2577 2644 3169 5020 13860 3255 5158 3788 4365 10652 5044 10621 6821 6854 7416 7434 7750 10083 8994 11260 10507
213 11451 14512 14992 657 13670 14412 12341 801 10487 14263 1802 13203 1893 14479 1936 2059 2270 5981 4375 2817 8950 8989 3353 7822 3356 7914 3814 11203 4878 12334 5216 5593 6209 6365 10232 8246 6660 10061 7136 9689 7383 9168 10719
661 8013 9917 11615 11827 987 7703 2806 1682 1942 2056 2421
10517 14656 8374 12682 1095 14102 14616 14834 14985 13182 9013 11909 2292 14300 2377 7742 2739 3003 13850 3348 3365 3561 13265 12566 7856 7443 8448 13774 10896 11569 9201 12330 9885 13425 11768
343 10595 10891 12072 13216 13758 11155 772 8911 866 8812 1260 4547 9557 1579 4216 7781 9610 2332 4084 7679 9354 3902 4505 4057 4587
8833 681 3710 8846 12901 13441 4398 1677 11471 1922 5732 2130 12800 7947 4369 7508 9844 6488 8523 6657 7481
442 8936 12776 13063 13259 687 7238 11918 8012 5810 3147 12043 3541 8929 6356 8239
11719 10013 857 9450 12364 12797 12557 2094 3214 9016 3228 6622 11475 6638 7272 7941
348 11109 13581 13951 699 11783 12407 1229 9971 13149 1438 1440 11752 6203 3316 3689 8781 3776 7427 9776 6806 11093
21 2660 8517 9376 1244 700 1911 10264 1985 2153 3978
4798 708 13783 14557 14660 960 1819 1367 6499 11521 12678 1644 10394 2522 2940 13431 3921 4150 4537 5508 8723 10203 4884 5082 9499 5482 5765 6781 7881 9102
8572 710 7843 9911 9920 2943 4683 9601 4450 3975 8483 8854 4441 10566
11598 716 9944 14329 14452 797 13248 7907 1388 1582 13438 8785 4634 2689 12196 12579 13543 3503 7267 3961 4940 8867 8736 10698
720 11910 14136 14250 14511 1303 10656 1616 8709 1727 11774 2366 3443 11998 3496 4307 4887 11167 4921 5793 9020 6569 7231 7370 8328
13939 14383 14700 721 13540 14598 14836 13664 14351 2478 1403 11550 12826 14612 3048 8955 4287 4754 5157 12008 5821 5913 12940 6042 8692 6155 7530 13254 7662 10647 11621 8504 10257 9847 8769 13226 11988
734 6594 6651 9119 12262 1603 6727 6926 1765 8427 2192 4869 5364 6326
65 13915 14022 14864 12004 13022 200 14627 735 11641 13693 14989 822 981 9079 13567 14015 9682 10746 13435 1546 13885 1637 11013 1665 12643 2210 14082 14494 2250 3514 3389 13116 3424 13770 3464 3654 10748 10108 3852 3926 10872 12767 4818 11549 5835 6428 9651 7284 13310 7379 7714 9203 9528 8369 8570 9857
736 12456 13262 13972 11881 7292 1495 11129 1789 7386 7901 2069 4596 10362 5392 12403 5577 9273 8925 9910
739 5783 11448 12821 12869 2419 6730 3578 9581 3595 6112 3957 4588 5064
172 4844 10716 11281 8829 11286 8877 10254 2716 3215 10075 6484 6904 6532
743 8250 8547 10294 2948 4335 9623 7476 8980 4400
749 7015 9530 12863 1024 9204 1321 8920 1460 7948 9571 2561 2947 3679 8249
12593 14095 413 14335 14614 14976 538 11842 14971 598 13213 14146 751 13537 14869 867 12460 13088 1437 1465 10704 12107 6652 2637 12389 12954 3018 13287 3257 8966 3354 3366 3397 11197 13490 4176 4389 12100 9721 5356 8324 5738 5937 6764 6800 8140 11038 8326 8965 9396 12322 11199
130 11111 12562 12917 13383 754 1286 1161 6406 1707 11533 10932 3071 8072 4824 9654 4865 6228 9864
101 13405 14527 14603 7005 11693 4309 5363 562 13991 14312 14813 1085 13628 13472 1814 13429 8582 1987 14353 2208 2217 5529 8358 2542 11000 3143 11654 3488 8871 3620 3714 13393 8028 4050 4406 11976 4258 6085 11759 12260 9315 5582 8053 13092 6347 11396 9464 7031 7839 11319 8031 7446 7787 7824 9842 10423 8065
12135 410 14160 14327 14999 671 13308 758 9786 12461 14352 14396 1055 13753 11104 1501 1775 13855 1948 1960 12810 12973 3118 6169 12076 9091 4240 13319 4261 6455 10376 13258 4611 4815 5038 6334 5657 6130 12353 6502 7150 7177 7326 7397 7518 9966 7851 8838 9522
126 4550 13689 14892 14952 11492 535 14930 7591 1289 1256 10398 12432 1532 13899 1636 4047 2438 2886 14143 3434 3693 10680 13035 4117 7415 4925 10639 4967 5492 6068 7135 7764 8508 11047
775 12430 12695 13067 1105 9041 11278 1784 12564 6322 2658 11134 4758 9349 10057 5570 8382 6812 7465 9665
133 977 1355 8720 340 1123 7692 780 890 3668
781 8821 9057 11283 11967 2584 8059 8023 4888 6177 6735
785 4465 8852 11856 1075 6765 4654 9163 6353 4875 7600
665 3950 9934 12187 792 1196 7571 9684 13279 938 3594 6963 1681 9746 9310 4230 9154 4374 4734 5322
14854 794 12453 12929 14873 11412 1577 7023 12036 14577 13536 13515 1871 1945 7147 2382 14404 2599 11677 3188 3245 6307 6105 4395 8119 4437 8942 4471 4598 8454 10703 5670 5862 6009 12736 6263 6415 6521 6841 11778 6527 8580 9326
362 4404 9603 12527 8399 8421 1929 12289 2236 4443 5042 8116 5682 8292
14895 799 13854 14790 1296 14399 14460 8651 1326 1425 1952 1991 14165 2308 2470 13413 13586 3667 3691 11946 4893 7669 5499 8976 5771 7344 8150 11097 9003 9515 12369
451 4891 9162 10152 10446 802 8032 1248 2536 2799 4765
11108 14863 1121 14697 14728 1371 13953 12791 1724 13170 14626 2436 14646 3920 9353 3015 3374 12680 10433 3584 13098 10426 12121 7069 4105 4401 5001 5304 8918 5432 9230 8127 8797 10416 8237 8357 9249 9425 11703 9453 10752
281 9215 12981 13614 817 9728 12697 12870 3057 5607 9189 7882 9184 6063 6980 7970 6366 7235 8802
8329 1722 6739 6853 11239 4814 8238 9338 5660 7563
4742 254 13587 14036 14698 594 14275 14407 733 13475 14760 825 11298 7869 1899 13757 14505 1959 12390 3098 2385 13464 9393 2843 13365 2916 6602 3165 3458 10834 11295 4819 11623 4899 10978 5805 5009 5451 5519 5674 5820 12943 6032 10278 6523 9430 8114 8472 8656 8885 9207 10206
9431 14502 307 6534 7174 13681 656 7487 13605 14171 11505 837 13459 13978 14093 1081 11353 12658 13823 1598 5641 13833 12466 1858 10876 11604 2209 10082 2372 13054 13934 2953 11612 11857 10125 4194 13653 11049 4853 5107 6183 13494 9534 11419 6937 5824 9238 6104 6562 10385 6898 10292 10457 9098 9268 9457 9585
4653 75 2942 4613 11017 13801 3323 500 12590 14535 757 1695 2038 3943 13517 839 9341 11871 1649 2212 11019 12755 14038 10041 2794 12683 9737 7088 8536 12516 3897 9216 12521 7220 4244 9199 4511 10353 7319 9269 4945 5328 5057 8951 5423 5484 5976 6519 6960 7458 8634 8060
8830 541 13185 13303 13662 782 13350 11747 956 1299 1471 1522 1862 2152 3378 13208 5982 12830
14306 4482 1223 8165 13222 1561 13851 10302 1769 10693 2815 10216 3052 12559 5586 3833 9995 4207 9970 10025 8672 8657
7668 842 6379 10103 14540 14663 2525 10581 11399 2530 14298 3294 8195 4283 9339 12467 6230 5596 5621 6655 8191 5944 10583 6281 12486 7022 7268 10451 10014
8157 854 5826 6332 9895 945 7626 9274 8534 7179
14027 330 9259 14132 14221 779 9535 12374 12576 13176 810 9194 14839 831 3123 11999 833 855 13869 14611 4190 1615 14255 5790 1808 12040 2206 13218 2278 2455 11826 2411 10127 12387 3077 11282 3329 3336 3577 5576 7469 11242 10444 4330 9715 7720 5814 5899 9931 7848 9835 8083 9257 8571 11159 9484 9729
860 3570 11074 13196 10782 2518 12792 12888 8889 13964 12524 3132 13692 5748 3217 11327 4300 7711 4422 11437 5359 5232 5338 8978 9050
863 4027 5286 10788 1662 3745 6736 1790 1825 6782 1940 2828
60 14123 14167 14875 14949 181 14125 369 13551 14119 868 13409 11418 6839 5457 2409 2587 11942 8958 2825 8800 10058 3196 3360 13278 3440 12837 3931 3989 12841 4072 4104 4615 5252 5370 5639 9679 5779 5964 7538 10262
1254 877 4911 10638 11824 6570 9212 2232 6511 10147 7374 6434
3608 5260 881 11172 11720 14408 14681 9258 1046 12523 1283 11506 12507 14009 12713 8809 2737 3743 3156 3531 3887 9929 5300 8767 6363 10820 7253 8327 8970
4336 884 13015 13525 13737 904 14058 14139 1292 13644 1521 13051 13436 1740 13641 10560 2060 8386 5693 9796 5752 6647 8393 8503 11383
14618 891 14450 14673 9489 9498 13275 11989 14359 3273 13862 3311 9968 3702 13083 4211 11510 4347 4618 4847 5056 5259 5281 7527 6884 9479 6962 9292 9703
11445 341 3388 12445 13672 13077 14689 602 4675 10447 761 4143 10526 12385 898 14048 4993 1034 1309 9829 1538 11617 1318 5734 11529 12011 1379 11944 6741 6734 1902 2101 7771 10084 2723 7074 3001 5903 3865 10028 4362 4456 7111 8487 12983 8436 5070 5194 6231 5634 12423 5920 11088 7812 7229 9418 8699
7580 518 8407 11595 11982 909 8822 11836 13326 1629 2620 12847 5624 3115 7513 4032 10818 5833 7603
166 9999 14010 14940 12285 7779 912 9142 13002 12287 1185 1919 3212 1743 7988 14239 3505 2290 2005 6064 8505 2015 2041 11709 11057 2378 5491 2699 10303 2750 3864 3076 7838 8521 10229 10340 3871 3899 9363 5096 5268 7282 6774 9191
4786 922 5851 9544 11631 12350 11646 4109 3446 9668 5336 7654
135 12875 13412 14140 2755 11602 928 4985 14117 14566 1104 13716 14477 10920 2054 11731 12605 3653 4749 9006 5399 5870 6387 7019 12109 7193 7833 10928 10654 10823
5190 14028 325 3671 12633 14990 13680 932 10048 14832 12545 13816 4183 13269 3222 12782 14292 4125 14620 4144 4305 13047 8306 5292 13036 5403 6711 9702 7206 7956 10875 9218 12436 12520 9351 9843
7649 14446 641 14406 14975 933 13137 13236 13987 940 13223 13997 9221 1833 1932 12067 14858 2507 2706 2742 2879 6421 3220 7024 4593 4852 4974 5152 5785 6254 7425 9421 6787 7262 7748 8283 10222
948 1393 7900 9764 8278 9254 5244 8791 2526 6244 3253
14654 539 13011 13143 14191 704 14982 13539 975 13493 983 12624 14708 3370 1503 1533 13671 2021 2154 11414 2444 13123 2581 10822 14492 10431 2654 2714 2788 3197 2984 3029 13075 4534 4860 5524 9176 10207 5697 6491 7477 7576 7688 7952 8457 11468 10530
7308 14569 3867 952 13988 14152 9049 10106 1680 13148 14436 2780 9460 2987 7165 3182 4604 8750 5208 11873 9039 6996 10213 11816 8850 10217
955 1040 1462 13209 13180 13369 1084 12491 1170 3700 7727 8859 4448 10677 4677 5575 7549 9171
82 12203 12891 14155 149 14635 14796 191 10992 14172 294 13219 13982 450 1845 2425 984 14619 1651 1788 13095 11877 2611 10794 11825 3958 4622 9791 12705 5857 5945 12384 6249 6271 6288 6732 6900 7158 7451 8368 9769
845 2924 2957 8004 908 4481 5148 988 5929 6680 1174 7419
996 6167 9618 11698 1227 1691 1760 2396 3789 3751
14387 1133 13949 14489 11953 14667 1540 12194 11405 5139 3148 13926 3375 13281 3524 8025 9583 4881 11001 5035 5294 5325 5880 6824 8480 10196 9370 11802 11986
998 6186 9733 11591 1486 5206 7083 8789 4624 7430 4965 6003
1000 12878 13442 13634 9012 1489 13514 2661 2965 7657 4095 4783 11922 5942 6335 8115 7376 9382
5172 1213 5786 7294 10011 2322 4659 3656 4755 3844 8081
648 7059 9596 10765 12102 967 10803 11461 1003 6124 11666 1156 6613 2564 8132 3423 4589 9152 8208 10692 8258 6487 6563
10214 3518 10744 3449 12549 13058 3486 3510 6312 3706 9953 11974 4500 10020 6398 7099 8798
7075 1007 8498 10869 1372 3832 7739 1498 2491 3089
883 3321 9448 9727 10554 1010 1800 5961 6803 1485 2111 1493 5295 7247 4660 2697 4857 4136 6785
1012 3603 5843 10550 1317 6702 7473 1627 2664 3790
9789 1019 9677 10837 11439 6235 2792 7042 8873 5215 9980 7407 11581 6556 7547
1025 13082 14723 14753 2758 10940 2807 7895 2913 7453 8070 3150 10694 11243 3264 8527 3511 9797 4454 8184 4873 9543 5396 5854 6642 7139 9379 7612
31 7226 12502 13109 1032 6474 9604 9845 12140 1194 1391 6258 4001 4711 9592 4813 6159 5883 9600
270 12907 13981 14029 14259 10509 1037 14017 14746 1311 2426 11775 14173 4319 10570 3037 14025 10004 9723 8826 3918 12514 5599 12712 5643 5892 12539 9190 8211 8748 9265 11453
10955 8640 764 9519 11251 10640 1562 2483 3320 5145 2835 4165 6324 9691 5041
4820 1052 11551 11779 12836 1990 11157 4525 8409 8943 5885 8728 7642 7863
1060 1974 8771 12142 1409 4015 8067 12092 9271 2351 4238 3036 5269 3240 5840
7678 629 11425 11706 13655 10917 1064 10277 12188 14103 1275 4221 14600 1284 14368 1401 13798 1846 2066 2408 13322 3802 3548 3669 6597 6911 4091 4492 5938 12345 7329 6028 6299 7855 8022 10657
116 9725 10931 12910 1065 13065 9541 3793 8293 3135 10280 10666 4870 8000 5487 9752
303 8863 12768 13251 337 1066 12059 13863 12569 14904 14683 1118 13212 13875 1477 11031 12308 1645 13588 1777 12662 12795 2243 9634 13946 2306 11467 2914 13756 3065 9984 3279 8135 3479 3537 12143 3663 3936 10510 4436 4727 5126 5413 10343 5724 6768 10587 7350
1076 5767 11892 13332 3088 12101 12570 3530 8832 3990 9770 10659 9638 5243 9307 10730 6944 9299
10305 926 7343 11511 13858 1078 8298 12675 11696 1968 10033 12958 1999 2813 11011 13031 3525 10486 4129 4135 10420 4694 12108 5646 10575
14809 12583 8727 1080 14643 14810 14943 4667 10275 1531 13524 2256 2574 7615 2958 6412 8676 3138 11516 3284 3546 4770 4070 7717 7844 8272 7391 8391 5240 10335 6430 7352 12515 9198 10538 8230 10064
13468 11837 12357 14428 13960 1086 13635 14254 14354 1658 1761 11793 2342 9567 10894 9010 3149 7575 3682 4024 11649 5345 7237 7685 5384 7828 6066 6441 10572 8104 10771 12152 6684 7722 7093 7128 8410 11504 7221 11380 8626 11254 8209 9070 12051 11835 9251
27 5629 12538 14814 188 12206 12207 14547 11587 520 11068 11168 11632 1107 11139 13877 1120 13881 1204 9566 14484 1433 1949 2275 11252 3060 6885 10341 8331 12971 8525 4725 10110 4805 10320 4962 10344 5183 10767 8649 5691 9088 5968 6301 11622 6849 9129 9074 10565 9773 10830
394 498 12957 14672 12504 738 10249 1128 13221 13961 11042 1386 1563 12413 12317 2498 11392 2833 3610 4033 10177 4321 4470 8045 5000 6033 6964 7920
14127 323 10310 13955 14358 359 370 11444 13151 1132 12473 1416 2665 2759 9160 3421 11770 4475 5229 5385 5930 6020 6122 10777 8334
578 12650 13453 13708 1143 12688 13389 7724 3349 11527 4053 9358 11512 5085 10494 7159 7634 9286 10792
496 4690 4782 8073 914 3430 6035 1659 5692 2881
13424 1155 12111 13089 1979 9173 8974 2880 10413 4310 8396 4644 6674 7505 9443 9697
13831 14613 12893 1962 12684 12395 2163 8486 12383 2164 3181 13329 14142 3426 4682 4705 11007 12577 4850 11787 5477 5531 6843 9858 7420 10608 8461 10212 8759
555 12998 13802 14764 10577 9059 12124 9554 1138 12691 13571 14066 1173 3140 14269 14576 11268 10215 1924 14213 2453 2504 2497 8488 2906 9898 13785 2932 7815 2964 12526 3558 6222 13270 4538 8981 4941 12249 4975 7112 5058 7791 8544 5742 7608 11530 11540 7909 8450 11838 11306
7785 13542 1181 14677 14693 14903 1316 1385 14041 14184 1448 10627 14200 1589 2744 6077 1953 2519 14194 12292 3122 14062 3545 14608 4163 13014 4479 4554 12930 13190 6049 6075 6729 11672 11036 7659 10387 10709 8134 10791 11578
1023 12788 13241 13918 14286 1182 13344 13661 13056 2020 2223 9053 2305 2547 9853 11935 11834 4594 8823 4944 5129 5142 7025 7695 10006
11194 1189 6464 10490 1711 2766 2552 10228 7390 5179
14229 13029 9993 13857 1168 14798 14898 1197 10809 14346 1206 2371 11224 8763 4948 12817 6463 5701 5915 12789 12321 6466 8563 11499 11271 6887 7619 7026 7142 7592 13079 7989 10122 11189
698 11726 12214 13608 718 1002 14465 12171 861 6725 13440 7702 14521 1051 10702 11382 13706 1221 10651 1504 12193 1578 1696 8183 13883 1848 4744 2123 10032 2418 2477 2480 2866 2934 2998 11585 3644 7666 3848 7349 5010 11253 5247 5308 8834 6241 6509 7999 6888 11055 8142
7567 1208 7106 10202 11679 7537 5985 1865 11555 3292 4396 8160 7528
14702 5474 800 10534 14270 14360 1211 13709 13957 14661 1685 8702 14237 1996 12651 4697 2440 8963 14496 2677 2915 10929 3886 12205 12561 4545 4042 9208 8562 5236 4344 14291 4673 13797 9219 5861 5025 11810 5086 7050 6076 6154 10714 6744 6902 7250 7283 7392 8839 10409
381 1212 8687 10129 8552 6733 7018 2143 3061 4378 3042 9767 4215 6696
12034 1231 2532 12648 13099 1280 11960 12361 6543 8176 4285 11386 4954 6069 6029 6082 6686
9780 1236 12228 12595 2002 5600 2195 2982 10893 12720 11449 4100 5700 4197 4563 5778 5829
707 4544 6001 10279 1237 7684 10472 2414 7245 5335
6215 530 4489 10634 11714 1100 2671 12274 1239 8742 2558 3338 7762 3855 5239
1242 9334 11342 11433 1779 7058 3030 5309 4843 5424 8538
12749 1253 3861 9331 13929 1633 12429 3474 8818 3069 9849 11323 11635 7314 12077 4763 6893 7996 6746 9943 7027 9921
970 4923 9371 13696 1153 2277 5006 1255 6278 12902 1364 6206 9827 4552 5647 7120 5543 5746 6920
1259 4045 9097 9444 8586 3866 7586 9289 10432 4251 4530 5022
1263 11794 13824 13835 5087 2357 13640 2676 12270 2786 3177 3291 3801 3840 5073 5689 6582 7444 9114
5545 11547 6706 1277 12232 13589 13590 13828 1556 7516 12244 1935 10348 13144 5696 6716 2238 4278 2622 7671 8356
84 11501 14260 14631 508 7126 11313 14400 13901 11518 843 7146 11304 2865 11046 1140 8494 12734 1282 6928 13719 1423 1453 1878 12160 1500 1710 10902 1617 9907 6751 1831 3916 1905 4373 11311 2509 2864 11963 12556 3796 8666 8739 4025 11476 5493 11495 7633 6004 7090 6495 6600 6708 8912
182 1726 5357 7215 9687 1441 4978 1553 10400 2593 8289 3412 3686 3851
994 8353 8561 11438 1300 10546 7103 4043 4885 5695 7809
1302 9147 9319 11090 11389 1702 9217 4733 5368 10236 6859
14804 351 12172 14857 422 14249 1306 14920 2467 2709 2778 2824 7286 3523 10189 10367 3675 11372 9296 3967 4902 11846 5014 5947 10802 6123 8404 12573 6126 6303 6889 6919 10056 6956 7466 7188 7366
763 5868 10591 12803 1313 10477 12574 1835 4515 11216 2904 3718 4017 4569 5534 8254
64 8998 11466 11901 1315 9551 1676 7534 11206 2725 9227 4069 7500 4393 5448
546 1877 1989 5997 11151 931 9308 1179 1323 9473 4233 4855
690 856 4789 11270 4586 1327 2612 6875 3305 5074
12948 439 12842 14014 14776 13927 11115 819 14097 14719 14747 13354 919 13174 1045 1328 13367 1492 12204 1767 14508 14074 2506 10040 13697 3096 3256 3367 3441 3470 4959 3634 4703 4898 5313 5358 5532 5803 6669 6975 7209 7821 8291 8333
427 13430 14080 14710 689 14124 14880 14909 985 5458 14288 1207 13260 14150 14690 1373 12087 1588 14376 14668 2258 12397 10984 2597 3195 2631 2783 9675 2802 2810 13355 2897 2979 14056 3258 8610 14151 8897 4920 4976 5242 12217 6397 8588 6664 8203 8277 8403 8675 9681 10182
1415 1333 12343 12508 14674 13577 1430 13380 14211 1575 10539 1809 2336 3019 10801 3611 4067 4359 9579 4548 4955 8824 5948 6151 10797 6507 7867 9633
1340 11968 13392 13943 2763 10304 13531 13694 9759 3538 8153 8579 4056 5156 5656 6606 6699 6934 8002
275 4026 13253 14319 322 9591 12652 1348 11948 13020 1679 4994 12597 2025 6053 4960 4580 6367 4723 5279 8678 6055 7943 8641
96 14293 14425 14500 13488 14882 14924 1656 9467 2252 2738 14315 2761 13683 3083 14498 3209 7210 3994 13449 4575 4609 6402 5133 8317 5463 10975 5940 6896 13420 7665 8196 8690 8952 10021 10542
9014 73 14238 14638 14918 14232 993 13880 13626 13484 1370 1506 1912 1947 12811 13649 11077 3059 3124 3364 4076 4188 4718 8553 8046 6182 6586 7123 11060 10274 10776
7263 659 11156 12808 14670 1406 13500 14055 14774 1528 13477 13794 13406 2793 12149 14274 14628 2859 12164 13969 3024 12636 3090 13034 13646 3151 10561 14429 3162 10287 3280 9814 4341 9411 4830 11374 4861 5193 12722 5603 5750 5795 10987 8716 8778 8453 6382 6620 12410 6692 8362 7249 7572 7922 8137 10475
10094 1420 7242 8758 9990 2182 3308 4276 3713 4367 6280 9762 6712
1152 4981 5512 11851 1447 8471 11085 11882 1787 2155 4203 2175
2544 1314 1624 12602 14091 1459 9007 10281 1549 8841 12007 7540 10395 2640 10285 3359 6792 4089 5408 7418 4997 6897
12831 10799 913 14604 14777 14955 11431 6589 14341 1468 12963 14453 14595 1511 11690 12849 14652 2489 5650 14867 2568 10235 2814 6000 10783 3448 11796 3489 14968 3565 12054 4115 13238 4166 12741 4343 8513 4732 5131 9236 5150 5390 5831 9573 6072 6574 7330 7983 10010 8806 12243 10130 9317 9366 12215
10183 654 10630 12303 14356 711 9239 1472 11345 11402 2216 2805 2368 2652 6349 12653 3404 3879 7351 5315 7371 5409 6432
11667 12941 13887 1474 2118 13373 13847 11123 9435 10178 2717 2873 3390 6153 3664 9946 11743 12272 4269 4272 11034 4559 5103 5478 6226 7060 8616 8535
507 14793 14852 14937 647 13316 14584 1069 10379 13264 1325 1475 14770 2379 8227 8627 11244 11070 4316 3327 10458 13871 3555 9223 12212 10200 7653 3819 3888 3952 4218 9200 5054 5116 5541 6832 5979 10909 10687 6180 9509 6279 6446 8370 7385 7681 7995 8192
250 1273 4952 11639 3964 4760 1491 3932 5130 7202 10605 1725 4377 8511 1840 1864 5751 7627 4409 9316
11567 447 11035 12717 12978 13030 5410 6557 2632 12073 3109 9961 6995 5230 8993 9899
9021 89 13735 13762 14454 13331 11421 9437 12419 14649 8862 8159 3666 2693 14168 11025 3005 4707 4418 4498 12300 5813 8299 7167 11610 9377 9461 9632 9754
13559 7937 6799 1512 12428 12509 1817 11201 2228 3572 2381 10474 8330 3768 6492 7265 6615 6775
491 12255 14114 14752 683 1518 14514 10175 4040 12654 2343 2743 6350 3282 10653 11280 4912 5422 5453 5552 8941 5993 11415 6443 6989 6940 7153 8470 9046
12099 12729 1524 13122 13351 14301 6939 12799 6714 7313 3753 4068 10088 4767 8916 4917 8469 7124 6102 7196 8411 9322
1526 3862 9389 9575 12458 2177 13231 2752 3175 10615 10688 12553 3203 5816 3582 5237 5557 6358 5789
203 13201 14715 14851 11456 14894 358 13001 13510 14578 389 2968 514 2456 13803 766 8397 13725 1199 12286 1516 1529 13849 2400 9863 13989 2773 2830 5225 3158 4246 11746 8840 5371 5520 10650 12732 9720 5853 12078 7704 6598 7468 7564 9620 8011 8315 8423 10973 11103
266 9285 12655 13446 9724 1534 11766 13552 10411 3014 8145 3472 12944 9808 4035 4371 5626 8377
1543 4764 8921 10751 8551 6414 4424 10515 9663 6171 5099
11941 6011 536 13147 13958 14919 963 13282 6658 5306 13414 1856 6710 1903 14537 1941 12991 14439 2073 14448 2149 7777 2229 13061 3954 10259 8419 5095 5163 5186 9303 5958 9400 10753 11701 8607 8381 11498 9240 11215
13084 950 7888 10726 1565 8713 10330 13791 2433 3080 2885 10616 3342 3355 3467 5632 4582 9139 4759 5002 6165 6624 6856
8285 750 11122 11674 1566 11452 2925 3534 9811 4410 6129
9209 69 9595 13101 14617 14541 493 8156 11459 13611 6848 1018 12202 13741 13256 14283 2198 14561 5574 3006 3229 4034 4055 13526 8207 4636 10161 5028 11596 5941 5544 12216 5884 12097 8848 10237 9981 10521 10023
249 8585 12388 12594 550 11643 13814 1585 11113 12063 14053 1995 11303 9951 12626 3461 9710 3575 3938 10378 10662 5080 6110 6221 11029 7482 10035
13325 8612 1288 6878 11868 13012 1587 10412 12835 2469 11003 6835 3191 5160 11165 7345 11603 9125 6892 7218 9100
6747 1602 9192 10208 11352 1873 7357 2545 3787 10047 5114
13136 3757 1608 11751 12180 12818 1841 2244 2283 3680 8492 8301 3914 4790 3984 5525
131 6993 12726 13314 865 10658 11385 1610 9928 12694 3591 11195 3821 5904 3828 5053 9831 8355 9368
215 9568 11628 14766 896 14470 14795 2431 1620 14076 1771 12161 2039 13140 2201 14363 2395 2962 3495 3725 12809 9975 13328 5932 11061 6969 12518 7049 7264 8210 8443 9882
32 6376 12867 14391 11823 471 13838 14725 14962 722 14524 1057 10139 13594 1593 11406 13366 1634 13896 14687 1666 2269 10476 2349 13789 9989 3293 3445 12739 13157 3463 12616 3962 3983 9068 4149 11136 4225 8188 12469 4671 9270 5066 9428 8066 6181 13021 10764 7037 10848 7233 8008 9205 9644 9810
1635 1139 8463 12165 12195 12282 3127 10001 3716 9556 10030 3924 8098
4493 1661 12505 12862 13296 1798 11373 1854 1901 1913 5873 2534 7332 2966 8163 5245 10015
1663 6462 10224 11071 1857 4185 11246 3406 7002 8026 5808
1137 6991 8620 11697 1675 7583 8679 3121 3651 3163 5110 6260
14020 14188 1694 14128 14443 2070 12703 14589 14997 2193 12046 14285 2224 13504 11274 2439 14515 2537 2753 3362 12493 4137 12986 10488 4464 4620 12356 12035 10123 7794 13736 12987 7675 14192 11086 12744 9033 9141 11583 11006 11933
3049 1709 8392 11523 11650 12250 2592 3084 3344 4555 6469 5722
12150 12961 6577 2488 12273 11230 2621 3422 3416 10816 8605 3791 4054 4059 4907 8917
146 12106 14134 14765 14011 11936 808 11966 13917 1564 1298 9422 12933 11127 12127 1583 6134 1720 10512 12535 10678 2227 2360 5606 7437 2875 3823 7588 6276 8212 4739 4950 5069 5911 5971 6088 9630 8418 6852 11618 8869 10239
347 824 8200 12021 7346 592 8528 1815 7047 1517 6266 1728 2045
545 6157 12198 12959 11630 1730 10881 14624 5375 6273 14570 2004 3502 10712 12857 2218 12760 13106 2246 10631 14474 2782 10389 2878 8117 4817 3225 3301 6403 3459 4327 10383 13759 3688 9056 4388 10438 4610 7270 11050 4867 5124 6067 7223 7156 7546 10828 8213 9283 9109 9332
13495 220 14516 14845 466 13527 13820 10993 1731 12740 2112 2320 12603 2619 13439 2657 13419 2760 4546 9956 4466 13188 10405 7606 6184 6336 6844 12178 7436 9174 9414
231 9676 11532 13767 457 11923 12086 14233 566 13023 730 8465 1432 11755 1738 12146 12625 2167 6513 2784 5726 5887 6426 9598 9034 7252 8147
1739 10072 11158 12246 3963 5860 10137 4709 9502 4835 6601 6621 7866 6763 8241
180 13403 14411 14662 14794 13411 357 9281 14744 14838 600 3795 836 841 879 9122 13904 13324 2061 2679 14246 2945 3493 14088 13252 4065 13309 4391 11182 5583 5891 10461 7010 7361 11388 7911 8224 10663 9009 10167 10445
8242 13959 796 13341 13371 1746 11765 13292 11684 9096 2304 13346 9158 5344 3491 11849 3735 4394 5754 11897 10976
1611 7959 9574 12295 1757 11730 12049 3798 10301 10588 4345 5959 6953 7232 9918 6185 7831 9233
1780 13480 14507 14552 13124 2024 14506 2220 2643 2655 2691 2870 10773 3201 4646 5608 11265 6381 11626 12798 6485 12208 7281 11357 11099 12485
13651 13841 14601 1162 3722 13931 14706 14280 1431 7965 1451 14917 14730 13941 2138 14713 2271 2365 8198 6444 2449 6456 2567 2872 10937 14418 8549 3552 3677 11553 3704 9186 12064 4801 13057 12816 4132 5276 4689 10053 5007 9156 5162 11447 5354 5895 6424 7786 7957 8047 8167 8264 10933 8984 11843 9500
329 14297 14553 14941 649 12805 13695 13942 4811 930 14002 1330 13160 1606 1748 13998 1774 1797 14068 1981 4600 3783 12927 4905 12071 5429 6819 6219 8139 7413 11171 7480 7887 12730
729 7593 12498 13535 1144 5265 1262 2935 8542 9297 1801 9865 2144 8835 2687 3551 5395 6204
916 1804 8078 8592 4139 8172 2572 7712 8406 11464 3810 6111 8901
12484 320 8243 12884 14575 5045 582 13460 14110 713 11092 13376 14987 806 11503 13081 1157 7195 13400 1245 1257 5155 12714 12839 12113 1706 12009 1806 12645 13534 8185 3207 3278 3893 5231 14916 4088 4499 4128 12373 4224 4419 4574 12225 4979 6071 9511 9983 11263 5978 6417 6425 7550 6864 9311 7006 7216 8908
767 8792 11141 11236 1842 8478 13874 13903 1997 6059 10096 2795 4051 9175 4702 5699 4929 6100 4988 7394 5120 11176 6331 6987
1849 11110 12563 12894 1931 10034 8234 3283 11841 3736 9700 9501 6357 6436
4 11593 14311 14599 14187 13750 425 832 12936 13754 935 13114 14131 1660 2293 13787 1863 7531 13784 2287 12024 14044 13214 2345 12359 13919 2756 14021 3039 7208 11710 3784 6923 9647 12824 4827 4886 7628 5528 5921 7533 10997 6174 10312 6522 7190 6617 6804 7906 7354 7890 7656
1868 8302 9948 10832 7625 9732 3054 6846 7405 6041 9294 6407
10471 1869 7728 10391 13268 6880 2892 7228 3909 7197 7803 8624 10384 7925 8509 10796 8711 8997
5933 1881 7269 9798 10524 2294 6315 9025 4075 7631 4772
465 9248 13158 13205 12638 10095 12918 1094 11736 14550 1267 11328 14822 1463 11191 1591 1827 4356 1889 14370 2047 2213 8323 2317 11546 3027 4971 14224 3302 7185 10145 4158 9116 4175 8931 9964 4338 4640 5321 6073 6274 7312 7008 8560 8979 7296 7979 10227 9877 10417
1895 9755 11147 12333 2080 5227 11256 2820 4113 9815 11784 3457 5342 11981 5766 6603
7493 9165 1896 8646 10492 11116 11142 2803 3332 8279
6561 1965 3136 6596 6724 8042 2508 4969 5716 9837 12417 2967 7251 11938 3206 3625
125 12480 14491 14781 680 13266 13479 14340 8999 1290 14724 14888 1898 14050 14769 6656 2432 13619 7335 5770 14865 3636 14350 8034 3765 9735 5841 5360 14405 5718 8704 10187 6493 6158 14294 6461 10919 6633 6807 10368 7454 8101 8385 8490 8520 8537 9226 9555 10669 9959 10665 10427 12536
697 13676 13859 14223 1178 11149 12511 12707 1455 14281 14375 1909 10926 1975 10017 12586 12657 2745 2912 2936 3081 13017 9547 3557 3670 8954 4753 4421 6118 10350 11204 11009 4797 4816 5019 5615 8247 6178 6748 8662
14738 311 11902 12339 14067 14440 11436 12224 1918 13985 14133 1954 12179 13313 14158 2274 2313 2653 3028 3805 3885 4148 4560 5319 5501 5526 5686 5975 8915 11192 7734 7770 9337 10071
54 13782 13811 14751 8180 1192 2618 1717 10889 10448 13699 2088 9834 9955 2944 13630 4096 5299 12182 5796 5838 7322 7162 7277 9818 9433 9805 9329 10233
695 5226 10892 10918 11213 1970 7566 11536 2656 6866 5844 7661
1874 9135 10465 11002 1972 4669 5554 11753 3180 10899 12159 3227 5636 9432 4002 4046 5350
141 6689 14186 14581 14757 195 7071 13765 731 12967 14758 12607 7081 9775 14733 3033 4380 14107 3325 4066 13895 4296 12850 7861 4447 14034 4519 9650 11089 5185 9416 5749 12554 7388 6207 6472 12985 6508 6678 12503 7404 10308 11333 7457 7690 12913 11258 7997 8286 11848 8744 8843 9801
8016 423 8548 9739 1058 5807 6128 1992 7217 8816
1061 8445 8575 9202 9924 2000 7747 8010 2181 3409 3907 7594 7486
14455 285 14177 14371 3102 13041 5924 11733 2001 13973 14145 2017 2443 5665 5394 5705 6255 6013 12452 12440 6931 7456 7846 7973
14047 9819 1647 13295 14013 14729 1816 14444 2033 14378 3399 13673 9761 3720 13872 11634 9988 10994 13656 6050 11906 6715 9470 12457 6961 13202 11341 10482 11508
3314 2034 6046 11040 11855 6304 10908 3665 9105 11939 4796 10871 5134 9936
263 13059 13570 14326 1310 755 8009 13263 13561 1915 6999 1753 4916 8105 2563 7029 2022 12896 12977 2044 9069 12856 2064 12089 13090 9602 2199 11435 11987 2867 2990 8244 3179 3812 4366 7933 11662 8944 10429 5382 5119 8187 5572 5836 7403 5859 5879 11163
494 12363 13617 14572 694 862 14630 14871 12864 14853 13499 2058 13691 12934 2718 10564 14568 3393 3662 3684 8512 9124 4379 6127 5658 5667 6037 10116 5669 10062 6294 6390 7655 9401 10059 10569 12278 6458 6564 11287 7275 7293 11629 9365 10995 9688 10055
14509 12725 11931 2063 8248 14130 14711 2566 8027 13340 3091 13565 3167 12055 3439 3782 4248 13121 9850 11100 6439 8024 7752 7778 8319 9947 11652 8930 12604
4478 1127 8881 11992 13156 2071 6941 11302 2499 6837 6195 5435 5189 8635 9855 8883
1219 10327 10358 12833 1834 4781 10738 11408 1980 8567 8827 2082 11008 12221 2091 14098 2113 5414 9664 10705 2203 2211 4376 3643 6757 3835 8705 12614 3992 7885 12438 4834 7802 4972 7172 5209 7589 5287 5954
13162 702 11930 13152 14735 972 7492 7647 14817 2084 2131 9657 11101 2546 7854 14432 2570 3318 14189 2680 5207 7189 3095 8151 9120 12501 3219 10969 11582 3330 9094 3520 10602 11683 4157 4192 8667 4747 8811 7036 5404 6497 5412 5730 5811 8710 6833 6845 6909 7638 7225 10078 9641 8770 11033
9145 3417 10522 12582 10119 1613 12015 14592 14932 11315 6945 2095 10100 2159 10428 13597 2202 7255 9866 11401 2860 2896 11356 3270 11520 4570 9714 4761 5776 11400 5822 6760 6818 10958 11267 8056
12426 5288 12915 1701 11502 12932 2096 12050 2140 2511 4501 9713 10380 6286 8906
321 8055 12231 12890 10260 1907 9872 2108 9923 2340 8144 5195 5334 8531
8712 2117 6579 9027 9873 2560 8697 5100 5703 7336
2165 13936 14032 14377 5221 2289 11830 2708 11454 2992 12529 3544 11893 3756 4632 10679 8451 5450 5465 7034 10085 6098 10660
14637 4623 8057 829 12613 14685 14476 894 1240 12922 11691 1836 12781 2170 14078 10885 4386 13684 5132 10346 5434 12047 7555 8714 12960 11367 8817 12003
11051 301 14831 14963 14994 7700 826 13771 14859 1265 13225 14322 14597 1387 8405 11821 1939 2191 14682 12565 2722 2918 11804 3234 3310 13970 4073 4926 11329 10845 4915 9577 5168 5264 5769 6871 8215 6935 8876 7086 7891 7904 7994 8003 8658
11744 2200 3021 10146 12886 4455 5443 7708 4721 8019 9790 7070 6117 6737
4930 11729 2233 9244 12409 13432 11732 4556 10132 11087 5393 8506 6573 8669 6776 8201
617 2334 6605 13211 1117 1376 3822 1655 12157 2237 3942 12500 12354 7949 4924 7982 7375 4382 4539 4674 8663 4812 8923
67 1734 11413 12012 2245 8995 5654 5310 5623 6877 5437
10935 108 12670 13834 14748 1508 11645 13544 2265 10971 14108 14379 11605 2642 12434 14209 8143 2781 12338 2927 3869 12968 4473 12622 4572 4864 5094 11785 5733 7422 5953 6287 10723 9462 7279 9550
9772 10172 11229 2282 5282 12375 3190 7421 11240 4077 8162 8402 10007 9979 10133
12177 7302 2335 2580 10815 13422 2911 3160 5605 9115 3696 7333 3764 5926 5500 7285
11655 1347 6389 9356 11044 12756 1490 6783 9469 2302 6667 9816 2840 7984 4937 4998
1 3712 8269 13868 219 4748 10425 7837 407 9659 12522 14109 771 11676 2307 9463 12617 2461 2529 7178 2876 6548 7055
72 12068 13582 14277 12635 1796 10334 2310 12038 13520 12783 2882 8485 12533 3492 3778 4206 4549 5397 6420 9836 8481 8668 9636
14993 212 14837 14969 14988 631 14532 14913 6994 1108 6809 14313 1190 14462 13293 6115 12370 2327 13360 8146 2923 14398 2993 3251 6882 4440 12779 14430 4932 11874 9295 5454 5739 5894 6031 9809 6208 6501 6851 7160 11524 8274 9180 9291 9693 10117 9933 11026
9982 523 13401 14726 14849 14972 551 9137 5677 9526 715 5714 732 13291 13398 14538 4658 9653 1554 8316 14445 1807 12340 12721 8007 1943 13666 2102 6986 11462 8043 5060 2527 2582 2902 12962 3073 3230 10549 3402 4039 3951 10111 4318 6743 11022 4968 11126 8589 9937 5801 6410 10514 6531 7315 8373 8971 10781
4122 2341 8975 12656 14138 5973 2735 11870 13965 3066 12258 3345 3586 7161 6477 4776 7043 11799 9113 8206 8935 7110 7230
7016 2353 12676 12719 12909 2779 11336 2973 10174 3078 5005 8280 5204 9075 10282 6879
100 2715 7154 7609 899 5515 9107 1353 1596 2367
2649 5715 2851 5709 5874
144 510 8682 9588 852 1545 5149 7760 900 6707 10759 1745 3766 2291 3023 2393 5509
234 264 6362 7825 1824 7227 978 7240 9696 1014 4791 5077 1860 2397
14081 643 14060 14072 10614 2399 13663 14348 3172 3337 12281 3836 4490 4838 5017 10749 5871 6051 11903 6060 7664 11223 8136 9965
941 1214 6342 9708 10430 4605 7735 2401 7372 2844 4657 7445
529 2624 5876 12555 2437 1537 6740 7512 8375 2380 6010 8390 5644 2479 8416 8783 6290 3139 3811 5369
109 10733 14230 14248 114 11137 11762 14936 13710 10552 635 6314 14931 893 6539 14166 1109 14243 14410 1542 13503 4101 1916 4090 9690 13704 13830 2450 7940 11832 12162 2903 2977 3453 10295 3761 13378 3815 3858 4049 4731 12240 4780 5047 7962 5154 8290 5346 9932 11170 9262 6385 6460 6540 6722 6780 6802 6958 10455 7884 10584
14510 115 13720 14701 14827 139 12239 9350 13578 12418 2452 14195 2988 3062 14126 3153 3407 4951 13876 4532 9261 4616 12846 4722 4900 5176 10673 5406 5483 12479 6296 6526 11076 7114 7757 8875 9378 10467
3549 9529 2466 10415 11314 13390 13690 2516 2768 7013 12939 3373 3516 9738 4802 11562 5963 7113
10 14361 14732 14983 61 3248 218 13528 14788 652 10163 12686 1342 10939 1631 12899 13237 5708 1714 2481 13372 14565 1729 5781 1799 13062 2179 8496 12731 9826 2731 3094 3859 13423 4274 9539 11535 4444 7073 4890 5587 10529 5589 9293 5637 6932 6170 6310 6957 7506 7517 9915
11932 236 13404 13620 14466 11308 12223 13734 660 13386 13016 10718 10485 2049 13318 2254 12000 13276 13675 2459 7295 12975 14759 2521 14830 2633 2713 14485 12952 2836 2910 5611 3099 13229 3159 7672 4430 11294 4595 4639 11537 4829 7758 4839 7845 5011 8892 6318 5283 7753 6752 8639 9133 11360 11568
580 14543 14780 14901 14964 1145 14763 1351 14170 2120 2533 14684 14162 13448 3231 11728 3324 3711 3972 4127 4578 9569 6670 6865 14215 13128 8529 7841 8344 10024 9042 13470 13940 12531
103 13379 14531 14772 572 14886 907 13273 1297 14157 12914 2312 12022 2535 12070 13232 2950 3300 3340 3536 6997 4324 4442 4602 5181 12942 5902 5962 9178 6034 6395 7303 7117 7435 7964 8351
517 2037 8853 10090 8152 10842 2384 4178 8388 7406 5098 6323 5672
2540 10324 10968 11346 11795 5167 10193 11227 9660 8870 10168
10270 9255 2562 11062 11344 3674 10256 5922 7706 8540
12435 9314 5273 1481 10618 13178 2543 10901 13742 3616 11820 9206 4503 12548 5091 8085 5202 5625 6030 7021 8683
744 3760 9134 11686 2318 6559 7485 2553 3585 6022 10890 4320 5401
14212 398 12394 13888 1623 2555 13575 13599 2884 7102 12773 4854 5952 6040 6211 6697 7152 7175 7398 9030 10883
2299 7187 7699 8130 2557 5187 9398 9487 2565 7045 4241 7875
120 4405 8749 9336 8550 1243 5601 8630 2280 7696
117 13911 14718 14884 162 12687 14235 8295 14092 986 1264 9589 11727 12647 6337 2077 14266 11949 9838 3108 3892 14024 9514 4832 5872 5224 8722 11921 5333 10954 7971 5627 10502 5809 11715 5815 6646 6675 10498 7524 9357 9381
5171 6232 6705 4219 7244 8268 10397 4628 8746 9977 9536 5431 6520 9856
11200 13624 650 14242 14731 14768 11790 1700 10261 2172 13339 2264 12499 14694 13336 2789 13786 13155 3113 11507 12709 4256 4303 4452 4973 5061 13852 11214 6668 5758 12210 6146 6119 6592 6972 6188 10699 6239 6872 6970 11956 10073 10401
4573 2166 12757 14374 14467 14741 2613 14564 8473 3444 11858 3490 8102 3576 3730 3929 11575 3973 12023 5798 9562 8724 6580 6721 6906 9327 7053 7789 7769
942 7798 11840 12284 2675 12347 2765 2845 10151 10957 3429 4280 9517 4520 5819
432 10473 11594 13305 12324 2696 8674 10913 11894 3959 4228 8796 4445 10298 5490 9612 8138 10757
14789 679 11754 14386 14811 1142 11815 12889 14077 1719 7342 1768 11993 13563 12075 2083 8089 2239 13204 9795 11627 8924 2772 13120 14816 2899 10173 2978 12752 6632 3699 9860 9375 4423 4831 6259 5417 6566 6578 10755 10309 9635 10596 8281 8336 8576
11332 1022 2712 6197 10121 5988 2791 7475 8957 4217 5301
13764 6641 1166 11247 13992 12476 4083 6772 12855 5365 2850 12513 5090 4331 12283 10867 6486 6517 7260 7463
9496 7621 12471 14742 6096 10150 1291 12873 12956 13907 14750 14273 11625 1653 7936 13568 12459 2248 4851 14645 11193 13569 9760 2858 5118 14104 14207 4837 13595 3945 12931 4111 4958 12615 4773 11737 4808 6629 11565 4908 13944 8352 5653 5768 5802 7975 8216 13980 6143 8961 7039 6742 10948 8106 9449 7808 7985 8090 9851
156 12746 14495 14862 331 13768 13956 12201 14210 14861 858 14610 1361 1967 2072 2109 13164 2486 2617 2787 2891 14289 3276 3637 9144 7095 10927 5123 5652 5923 6145 12708 6317 8061 10717 10559 7953 7479 10535 9621 9997 10838 11112
14115 2263 811 13652 13821 14786 11757 1349 4236 14586 1418 6683 14218 1525 13300 13349 9121 8424 11054 3742 9779 2683 8751 11370 11177 2834 7038 9673 2900 9197 12935 13629 3043 8891 10938 3401 6236 11970 13643 3870 3875 8988 4429 4717 4880 8361 4922 13173 5211 5727 5897 11237 6026 6121 9506 8625 11146
596 1622 3856 6581 10685 11788 2548 11723 9586 2777 2956 6305 10005 10322 3079 6690
12897 9076 13139 965 12408 2961 12348 12946 13452 3368 9686 6036 3508 8383 6959 7622 8864 10242
238 10469 10696 10972 8694 2969 7300 10835 11798 3053 10459 5909 8725
13950 693 13103 14954 8033 5671 11225 2938 3358 13198 14721 3070 12455 12664 3141 12415 14296 13529 3794 5272 5445 11566 12859 5559 6162 6575 6943 7169 11818 7412 8337 8500
430 8378 11430 11702 1742 9549 3087 9778 11015 5573 4531 5977
11919 478 8474 12815 14734 14773 14551 13703 10761 14402 14198 2748 6285 3117 11091 13913 3403 3504 3633 13975 4102 4695 5105 5285 10144 5442 13013 5502 5547 8574 11349 6047 8888 6341 6687 7118 10289 7367 9523 8131 8287 9859
91 8648 11659 14959 13573 11187 14587 962 3067 7062 13761 14970 1861 10000 12951 14040 2009 9465 2126 5719 12854 14075 2129 9252 11801 3826 2344 7935 2634 9817 2721 10742 3192 8743 13060 3281 3799 12661 5676 10325 9874 4768 5146 5402 5430 5560 9044 11515 9280 6225 6673 11339 7915 9561 9624 9707 9867
8637 14927 1135 9472 13498 9195 13968 1887 8464 10250 13712 14835 6653 10192 2704 13327 2877 14240 2955 3232 14866 3287 13194 3343 10038 11879 3485 3527 3627 3705 3818 3824 6952 9639 12080 6201 4597 6325 4980 5023 5882 9362 10092 11664 6988 7578 7658 9510 7660 8221 7707 10766 10787
4427 9876 1736 9627 11904 13358 5415 2954 3382 10607 13184 3583 11409 4249 5640 6688 5486 4788 10009 10690 5031 10571 6321 7359
1732 3261 6555 7883 5980 8899 3394 6973 3528 5029
7916 8774 3395 11675 12191 13235 3966 8456 4061 8686 12319 4252 11429 7799 8937
882 2074 8959 10468 1247 7766 10812 12057 9692 2837 3296 9019 3400 5318 4253 4686
11364 9925 5084 3411 6450 12906 4000 9656 11366 12421 5740 8903 6045 6374 7072
13183 3415 1059 14287 14347 14712 14802 1150 13532 14856 1335 14004 2333 3116 11885 3145 12120 14005 13317 14421 3427 12550 5072 6297 5200 5427 5550 5928 10479 6313 11735 6544 8218 8365 12620 8441 9830 12133 10069
8039 7896 1195 11045 11831 11940 9305 5992 3452 9552 10097 6423 7048 8964
3455 2762 6607 9415 6703 8638 3494 7632 4561 4601
10349 12892 10697 3512 12919 13126 3786 4041 4795 10054 4826 6233 8170 7040 7307
14414 14722 14137 5666 11863 7087 1167 2115 1295 3930 12411 14574 14914 3361 1515 3919 9751 1648 13418 14424 1750 11819 10102 7774 12587 3242 11852 2161 13177 2251 2295 11669 2682 3223 3767 9455 3274 9344 3299 3437 3574 13636 4536 6481 9783 11997 11608 6533 5764 5934 9518 6238 6340 7241 7471 7853 8737 12733 11776
1074 11614 11990 12674 1480 7545 3615 10778 12422 10393 5219 9441 6623 11354 9369
8430 10148 10604 2501 4606 3622 3955 9177 10725 6977
611 666 4859 6723 4161 10960 706 3260 3977 5246 1106 1407 5277
3985 11544 1042 9597 11563 11611 2930 6571 6614 7065 8967 3780 8428 5220 6120
13763 5984 2596 4775 11455 3913 12671 13660 4315 11434 13856 8884 4706 8782 5013 6175 12233 7491 7968 7981 8122 7991
503 4607 6719 9505 2822 3947 12972 5517 10404 9957 4381 7331 8896 4449 5362 7697 5523
8987 421 6196 12032 12601 2628 4656 2951 6094 3998 4402 7380 4392 6676
396 14456 14727 14803 12743 786 11316 10311 13976 8733 6568 2052 14086 14529 2645 13387 2684 3186 6823 3999 14268 4579 4995 12699 5661 9525 6137 11876 7741 6762 8568 12169 8872 9277 10063 10981 10503
10576 1396 9408 9565 12883 5782 6829 12786 4005 6587 12267 7254 10159 11745 6065 11633 6311
13450 13046 1507 10951 14174 2141 4822 8654 2272 7972 10291 11440 2608 10076 3134 12126 4021 7905 9881 10707 4257 5147 7819 11651 5266 8861 12220 9302
14357 4118 1164 12806 13547 1183 10243 1892 6453 12880 1933 11164 8262 3216 8158 9919 3326 12404 12464 10956 7054 7061 8664 9345 11543
159 13533 13638 13848 1494 851 11687 13048 1122 8858 1410 11924 1938 2541 11463 4259 11829 8726 7652 11494
4292 2413 3849 8661 10339 3164 4970 3809 5197 6012
11266 995 10265 10365 1571 10480 4312 7966 10042 6021
5331 12735 4360 7683 12427 13481 4882 9429 10934 5033 5373 6790 10578 9231 5521 8836 7213 8773
14019 533 7917 9032 682 3652 12271 773 9941 10826 4876 1698 5180 1803 11606 7401 9380 3737 8762 10600 12851 3982 4617 5511 5618
1917 7554 7558 8761 10991 6886 4630 6535 8107 4896
1487 7168 8110 10112 12153 1557 7384 1733 1897 2569 4799 6442
853 7998 10609 10655 8097 3592 7556 11144 4863 11296 12335 6136 6834 7830
221 12745 13685 14332 446 13119 14085 556 745 807 10622 11490 1344 1683 1791 1921 3483 6476 3987 6015 4928 11579 11915 5173 5332 5425 7565
581 5480 7969 9459 1422 8587 8647 2407 3632 4942 7395
205 10525 12227 14016 528 13345 13920 1068 11180 1439 13199 2222 2629 2688 2726 11588 8928 3515 4133 12125 10557
11554 1397 13131 13141 1414 11708 12904 1464 10342 1559 7204 2386 2571 9940 5436 5513 9117 6695 7955
14464 905 4585 13110 11056 1914 7792 2636 11058 13935 2672 12093 8021 3509 5745 3562 3845 6483 10672 10065 4666 6269 5539 11860 6777
11361 7207 2857 8847 9950 6468 5068 7257 10126 5935 9678 7041 7934
2186 3271 13070 13415 9521 11682 2831 5907 11248 3173 11493 12528 4156 8154 12796 4212 12041 12091 4543 4603 9155 5275 6054 8112 8120
13846 140 11713 14556 14740 1946 607 14755 14890 13879 2471 8990 11656 2963 3129 3377 8606 4232 4350 12761 4991 5278 5645 6101 6500 11867 12510 9146 8194 8304 8340 10664
777 11692 11975 12275 2804 7761 11572 6671 11245 10854 7894 8255
105 13658 14381 14799 183 12964 13840 524 12558 13645 1686 10962 14554 3948 2585 2937 3171 3187 3683 5441 3747 4020 4085 7596 5113 6097 10878 7378 7806 7849 11118 7874 8982
10870 408 728 7992 11556 4558 1026 1573 6779 1568 1341 12005 6788 8128 5837 9486 5966 8380
10708 1384 8878 11722 1389 7865 8938 1523 11064 13250 8063 4326 9896 11072 5377 6858 6005 7080 10625 6368 6634 9741 9667
774 12252 13311 14434 1125 13290 13977 1705 10988 3847 10756 4311 9214 10070 12425 5249 8777 6524 11600 6912 7552 8251 8394 9447
37 741 12326 13096 13508 11811 2214 6176 9424 2583 6293 4168 11318 4565 5039 7577 9278 9883
1581 10369 12845 14279 2493 11761 12307 4756 8787 9671 10691 5289 8354 10454 5720 9695 11375 10821 5999 7290 7912 10268
10440 13916 13604 14848 1004 10390 14641 11249 1510 14785 14926 1785 11927 1926 12512 12630 10721 2255 2928 12631 7399 4664 10441 4784 11592 8169 4918 13240 5052 6954 9008 5675 5723 5900 6052 6172 6925 6512 11211 10499 7273 9740 9800 11275