11621 325 14511 14683 1607 8980 10459 6457 7416
5 12672 14059 14754 13990 99 1274 9552 12030 10594 14407 9250 2042 2392 12226 4121 4408 10505 8929 5037 9375 5158 10793 12400 5387 13134 5426 5505 10606 6745 6150 11210 6351 8073 9036 9104
11 4304 11565 12608 1756 2708 5449
14 9971 10158 10994 14779 686 7140 8140 2846 10821 8346 3993 8405 4644 5556 8620 4886 5475 7640 5548
18 14585 14613 14661 681 11690 914 1606 1978 2634 3079 3174 7645 4776 8519 10114 5906 6041 11785 9352 7658
10925 39 13724 14782 628 12225 13275 2899 12288 3107 13039 4279 4520 10766 13197 8624 5460 7106 7199 10866
20 12585 13415 13551 8278 13070 11248 4543 12896 4603 12339 4645 12528 7200 9521 12468 11493
21 8536 10765 13877 6476 6561
23 1177 5638 11753 14843 12151 217 13950 14650 688 12463 12709 13473 9082 13583 1225 12802 3639 11324 1623 13679 1752 4524 2055 13752 11368 2226 2325 3180 5780 7544 3384 13722 3598 3906 3925 10186 9955 4368 9040 4486 12701 6825 4743 8322 5032 11792 5161 5712 5965 7436 6400 6573 10582 7234 7837
26 12174 13694 14740 61 9842 9921 1633 4203 3474 7996 3406 11323 11750 3861 4763 9849 5015 5875 6463 6862 7314 9916
28 11255 12924 13451 14925 282 12038 1132 2946 4062 11559 5169 6874 7179 7801 7990
14332 13729 245 7134 8287 14217 11053 856 6361 7667 13702 1470 11590 2155 8922 2391 8252 2838 6252 10031 3068 10583 3131 3233 3383 10998 3590 10443 4038 7261 5274 6218 11133 8909 8005 7096
30 11122 13934 14190 12830 1280 11270 5402 11100 3447 10204 5400 10674 5817 9517 6349 8074 7243 11360 7857
6 3252 10682 11977 12423 1057 8416 13578 1181 8071 1368 2380 2624 1537 6290 7512 1793 8390 12319 1869 8210 2437 3811 7152 2479 8375 3139 8369 5644 3801 4482 8783 6740
32 9068 1548 3241 3436 1790 4225
34 9915 12272 14982 14996 55 10537 1042 4078 2080 9385 2452 6926 3345 10104 3525 3946 7810 5544 8245 5954
35 13330 14089 14401 1241 5927 13189 12372 1747 12534 10393 2284 2821 2909 5335 3093 10977 3303 3422 8214 3481 10205 10276 10026 6715 6339 9615 7581 8087 8779
37 8281 10094 12727 14504 5891 1185 10988 2594 13742 2831 10921 9613 4261 12959 6123 6833 7509 7915 7887 8470
40 9489 10788 11177 1098 7997 3530 3745
13587 14505 13475 154 4426 8912 11298 14036 254 1899 14698 10206 13464 1125 5571 12407 14275 1614 4742 5820 3919 11623 2916 8472 3165 8556 3458 7869 4131 9207 4819 9430 5009 8885 5195 11295 9393 5451 5674 6025 5805 10278 6602 6032 8821 10834 9012
41 6699 9531 9627 710 6478 11740 12366 840 7872 8166 7369 1837 5018 3189 3737 7046 11572 3841 10586 4138 7723
42 12899 13861 14441 14576 706 12338 1294 2902 1784 10645 2078 4211 5438 5631 12340 6437 8247 9912
14730 2271 365 6377 13931 14917 14601 11843 1431 8984 1451 5162 8167 6424 1749 8047 14280 2138 12816 13057 9500 13841 10933 2872 8712 3677 3722 14418 3704 8264 12064 4132 4689 5007 9156 5895 7786 7992 5276 11553 7965 13651 6444 12415 7039 7957 8549 9186 9212 11447
50 6227 9887 11514 209 4145 6427 14046 1452 6801 7948 1706 6248 12018 13738 1982 3915 2104 2105 2801 8742 8652 3188 11300 8608 5786 5886 7598 8417
51 7226 10702 12140 14211 83 4001 4711 12348 335 8694 9600 434 1391 6300 9592 642 9604 1194 3793 2115 9515 2719 6159 3393 4813 6234
52 12639 14177 14582 1190 10291 12503 1906 9967 2629 9325 3434 3920 10488 4023 12220 4110 5318 5977 5830 6035 6192 9342 6384
56 7552 12925 13726 456 10194 13866 518 11889 13808 1141 8171 8566 1426 5313 1927 12673 8957 10421 4565 9684 10374 4616 6141 5203 5702 7099 9725
57 4046 11491 13107 14720 510 2420 2583 6466 10662 4421 9419 12788 7249 4021 9879 11679 4125 7469 4263 8249 8847 4465 5193 5789 7202
58 13291 13562 13836 260 12805 12904 450 12406 492 1339 11061 1810 2449 4518 5060 5088 5292 7352 8455
785 1733 3250 9370 14495 12980 12978 3726 11978 4847 4947 6944
13262 7292 1495 2069 11129 11881 7927 9910 9978 5577 3298 7232 8670 3666 5392 7395
63 12546 14324 4585 11218 4730 9877 11160 12459 11342
64 12040 14406 14975 641 14665 933 14446 9152 1833 11431 13997 7748 2507 2706 10138 2879 13137 5785 3520 6787 4593 4974 4852 7262 7024 6254 6421 12067 9836 7425 9221 10298 10999
1685 9053 14528 7803 5690
66 4952 12023 12485 14968 531 7253 8888 2037 1254 6483 9197 10683 6921 8351 6167 7426 9810 10162 10270 9182
12045 67 12248 14860 14966 274 301 12606 9263 378 14006 14534 14609 1131 11442 1174 10495 11190 6525 1304 1853 4823 10089 2321 4583 2477 11246 2649 7515 2741 5668 3692 3877 7730 4173 8602 12237 4750 13730 8559 11845 12327 5715 5818 7123 6817 6890 8125 11254 7276 9524 8215 9712
69 11420 12336 13992 480 10449 740 4657 9880 1086 6003 9595 2045 11301 11338 2228 2999 6027 2261 7273 7151 3580 3685 4963 3763 4686 6570
70 13186 14802 14898 14433 625 13163 957 1258 10695 1708 10932 1758 1979 2068 10946 3285 3322 3414 3770 4804 5827 6305 8177 5992 11531 6588 7824
884 8393 13644 13737 904 13436 954 11383 11643 7961 1292 6843 10560 1740 11576 2060 6647 12091 2196 5693 2351 2518 3144 5127 6174 6473 6834 7394
72 8668 12783 14334 310 12371 13594 548 12635 13520 1018 4554 2882 12533 3629 3778 9105 5749 9636 6211 8983 7270 10334
73 13972 14506 14718 671 1373 2445 13024 6748 12900 6423 7877 6779 7311 10760 10171 9743 9998 11137 10588
74 12632 14162 14561 14656 304 11983 11725 1297 9785 4591 2303 2335 2770 2924 6436 4612 7450 8663 10256 9674
77 81 1935 11704
82 12203 14619 14635 6249 901 10992 14590 927 14155 938 12789 2401 984 1788 11877 1865 11825 13982 1987 2611 6288 3352 5945 6271 3958 4622 8389 12458 5063 5857 7013 13219 6900 6045 7283 9769 6829 9791 11192 7158 7451 8368
84 14260 14604 14631 411 6751 12734 14400 508 11501 13901 3916 843 1905 1140 11963 1282 2864 1423 1617 9907 10361 11311 1831 5021 11304 1878 8666 8116 2509 7126 12556 8494 4824 3344 3796 11313 6708 4025 8075 5493 6928 8035 10902 6004 6600 7633 11495
87 11287 13691 14871 862 9688 11617 11629 2718 12864 13617 3278 12363 3684 12934 13499 4379 7293 5658 10059 5667 7655 5669 10055 6037 12278 6040 6127 6294 6390 8843 7275 9365
11476 8139 10960 13541 5810 13509 14051
88 8350 12475 12990 664 9136 12766 1309 11030 13727 2081 2128 12168 2255 2282 2393 7783 3387 3596 9038 7378 7897 9149
48 13331 14168 14649 14801 89 13635 13762 161 395 14454 427 11896 1821 1841 9516 2058 2650 13122 2693 11025 4418 4498 9632 4921 11635 5618 6621 10845 7380 9461 8017 9437 9377 9021 11421
90 9468 14902 14946 134 13489 14967 14983 9861 747 10620 1110 14365 13521 1293 1336 1383 1434 1682 1809 1845 13805 2204 2517 3373 10121 3539 14107 4339 12741 4535 10136 5558 11972 5685 7157 7030 10882 11724 8526 9148 11351
91 4537 13555 14097 517 11468 14408 2367 2685 3835 11077 3005 3006 11293 8239 7859 10734 4752 5290 6327 8552 7501 9175 9953 9326
92 11747 11918 12743 13784 1503 1713 2134 2181 11562 6154 10176
93 13976 14136 14250 558 11035 720 10656 952 12076 1303 1616 5908 2366 11731 3328 5600 3496 7231 4307 5793 10910 8328 10037
62 10808 11289 13117 95 13590 14228 14806 3060 11212 13825 2043 2093 14047 2103 2663 12592 3025 7863 14271 3193 3437 3462 9099 7387 6166 4946 5307 6114 6583 12148 9037 7611 8465 8615 8866
96 14313 14315 14498 1656 13488 3083 2761 3341 4575 4683 11588 5940 13409 6322 6402 7210 10975 8317 8952 13159 10021
100 13337 14507 14857 1922 2494 13611 12317 4094 13083 4219 4305 4512 10701 8769 10238 9195 9306 9351
101 10939 13628 14813 110 11000 14312 14353 562 1085 14527 920 6347 13429 8358 12433 11319 2207 11976 13472 14603 2208 2217 8065 2542 7005 2651 3143 8053 3488 8516 11654 3620 3714 13991 4050 8871 5635 10877 4309 7446 11693 7787 5529 5582 6085 6918 11759 7031 7084 9315 8028 8031 8582
102 190 9939 12641 12780 11800 6191 12898 391 1900 1866 9469 10118 12930 2127 9732 3333 13261 3359 4629 9153 9996 5100 6164 10650 8714 9756
14100 14735 382 13073 481 13608 935 7832 2272 2361 2642 6690 5807 13200 7240 12170 12723 10129 11201
107 12659 13388 14537 421 13084 1727 2454 13274 3449 12738 4582 6624 5731 8713 8803 11427 9602 10140
108 11471 12544 14597 158 11116 12476 495 5365 950 14164 7260 2687 12283 2850 6484 3863 11213 4083 9412 8607 5316 11247 6517 11778 6772 7954
109 11422 13283 13812 1040 13005 1068 7850 8595 1741 3918 6091 9504 4396 11639 9709 8593 6498 6673
111 13690 14198 14239 14599 711 13049 1505 1646 1836 1939 2143 2505 2786 6321 5833 3748 12809 4636 4876 5660 7852 8424
113 14262 14388 14878 406 7921 13227 13867 417 7716 14316 2606 634 13506 14318 780 7932 9788 911 11620 13698 917 1009 12408 1067 11911 1604 1660 2189 2373 2625 2775 2892 2895 3008 3663 6309 4531 4869 12393 12424 4633 12997 5388 5416 5662 5825 5925 11908 6182 9747 12112 6818 6916 7089 7643
116 13065 13780 13847 8293 2512 3210 4812 12910 9992 10708
14235 68 6370 10954 14884 117 13911 14266 4832 162 11949 2077 10502 1264 5239 7524 5146 6646 2087 9589 9381 3892 4990 12647 14438 4207 4328 10498 11727 5333 11715 5613 5627 9514 5809 5815 5872 6675 9838
122 8339 10042 13453 497 6641 9170 11196 1128 6504 9137 1312 5647 9308 10785 1319 1934 6599 5430 8355 7159
129 13948 14062 14640 1033 13516 13826 1099 14216 14502 6965 2040 13145 2581 4461 4792 6220 11791 7026 7146 7173 7211 7289 10598 7298 8680 9652 9018 9140 10326
133 10416 14728 14863 494 9425 14626 9230 1371 1404 3015 1724 9453 12588 2036 8797 12791 2436 11276 9970 13170 13496 3500 11703 3584 11108 9353 10426 10433 5304 5486 5626 8127 8357 9801
135 14364 14721 559 13222 13851 1552 1769 1804 11318 3052 3315 8142 3833 5001 11443 10025 8165 8657 8672 8726
137 4619 14135 14169 14473 1019 12653 13421 1079 13408 2173 9742 11560 2205 12437 2309 4171 3335 3695 5951 12911 4495 7847 5581 11577 6936 7068 7094 8232 9373 10533 9764
141 12029 12967 13981 14757 193 14186 14581 195 3961 14758 11127 1060 12607 8744 14034 10308 3130 9807 3325 14733 6689 12554 4066 4209 14285 12850 4519 11089 12913 12985 6472 6678 9752 11258 6897 7071 9775 7081 11414 7388 7457 10070 7690 7861 8286 11333
143 12471 13243 14713 2920 1380 9023 13394 10223 2182 2978 3631 8734 6087 9118 6912 7717
13234 144 13868 8618 981 12236 13703 1172 11858 3460 3837 10504 4809 8555 9903 7873 8228 10617 11206 9162
145 12514 12694 14314 14468 10947 385 11114 14295 8524 836 9889 967 9203 12993 13589 1672 8870 10833 9465 4757 3123 11822 4103 10871 4842 5043 5329 10197 5828 5846 8050 6295 9321
149 12821 13648 13921 416 1248 3483 10152 9758 7507 10376 8032
151 10378 12351 14139 14804 7078 1569 12835 4821 2905 3380 10542 5976 6973 4954 10479 5769 7499 9482
153 8553 14792 14985 560 13242 7840 1305 12628 3314 1483 13748 1990 5994 2057 12037 2187 2673 9275 2700 2966 8414 4357 3773 4716 4363 3979 4182 11767 5097 9367 9284 9985
7677 14657 14480 13501 8724 1420 12490 3091 3418 11181 3720 7558 4401 9804 4618 11880 4833 8145 4883 7557 8844
164 7746 14195 14287 14999 221 13572 11852 364 9290 1176 1551 9582 10828 1778 4522 8420 2116 2260 2626 8015 10493 2847 3035 7141 3173 3347 3521 5065 8378 5970 10668 6338 8086
171 7519 10358 11909 8060 3105 9169 4782 7374
173 9253 10801 14991 278 3324 13231 13380 746 7867 9442 815 10797 1415 11109 2287 5948 9672 4067 7364 4359 12343 4409 8633 4548 6767
14544 174 9562 12123 14961 187 8626 9718 13491 314 12497 12623 14905 846 11309 1558 7650 1594 4358 1852 11135 2174 13246 2350 3883 2389 2429 9972 2442 2446 9211 2627 2686 3733 3170 5586 9256 4099 11610 6006 4451 5027 7834 5073 5132 7725 6352 9813 6447 8604
175 7909 13267 13862 5464 351 13250 793 11046 11675 14033 2412 2781 8862 3657 8164 4055 4874 10307 7714 10924 9224
180 10551 12715 14415 14711 506 10593 764 2948 10640 3320 4165 11251 5041 5145 10751
181 10343 12569 13588 14904 337 13875 13946 11467 1066 2306 1118 12768 1477 3537 9634 1645 8681 1777 8863 10510 2296 5126 13251 2914 2968 10587 3479 3936 9989 3987 7350 12308 4727 5413 8135 6623 8337
14238 13880 1675 14232 14638 1947 13484 13649 3124 3364 13626 4076 4161 4188 4718 6964 5509 9301 6575 6586 8046 8975 9438 12811 10776
184 8621 13296 14820 334 13377 14031 344 5620 14042 1101 8996 8907 1624 3879 12324 8360 1829 2066 3267 11262 3854 9146 4691 4720 5252 8036 10646 12156 10323 9384
185 10258 14289 14588 946 13217 949 3547 14372 1077 1080 11010 1513 1763 11741 1951 2747 2937 5791 11232 3238 5616 4040 8495 3579 8429 3813 4956 10528 6534 8335 8501 8584
188 2730 13412 14140 14241 12605 1253 10823 8959 1679 10920 10928 12109 1895 10654 1926 2054 12449 13716 11602 2949 6387 3256 9619 3739 3866 4985 5870 7019 7193 9006 10437
19 9066 14437 14825 163 10941 11392 14847 191 13775 14653 259 13399 624 12902 1065 10839 1222 11428 1378 3492 12460 2168 2247 2398 10316 12010 3022 3157 10780 3890 8945 4387 4487 4631 4690 7097 5025 5340 12207 6281 11587 7773 10185 8517 9490
14122 7434 695 5741 8920 1036 10904 3557 2935 7290 6034 3889 6667 6736 4676 6986 10926 8628
196 9623 11071 12292 14281 7772 1663 3185 12873 2656 10062 7818 4185 5808 8543 6162 11773 6462
199 10372 11866 13139 14690 242 9440 9670 258 13237 13667 8253 3928 6797 4301 10266 11957 5844 11920 6106 9390 10134 9892 11344
201 3903 12035 14607 1570 12160 2061 7217 2715 8234 11182 4393 6406 11544 4959 6706 6069 6196 9860 7174 6482
202 13456 14208 955 11381 4814 1417 11378 1717 7489 2490 4678 9520 4507 8076 4787 6750
204 12619 12681 13068 736 1650 12128 3064 3824 5648 9277
206 7648 10236 14704 1100 6684 4894 10634 1218 1276 2671 4489 5178 3338 5783 7953 8717
211 11782 12365 14276 10694 3084 13661 13629 2777 3140 11320 8115 4168 5039 9424 6394 6979 8196 8932
219 9832 12222 14602 12928 297 13898 13902 591 5309 13315 1940 2316 4300 9002 3374 10040 12305 11733 5074 11611 6017 11886 6245 9159 7201 9166 8642
222 11446 13286 733 9471 9559 4327 9919 9022 5698
8233 14945 177 9080 11768 12823 13338 225 14488 340 14416 360 1520 12256 13165 1097 10789 11761 1429 11458 14156 1456 9220 14317 1776 3110 3192 3806 11023 4220 4346 11660 4273 11065 4306 9553 4601 6448 5003 9078 11508 5469 8099 6572 5744 5794 6282 8546 9346
226 14229 14560 437 12166 9831 1754 10996 12012 10521 2881 2965 8807 3058 3831 3459 9011 4887 7718 5261 5427 7985 8273
115 9378 13720 14827 229 12504 13876 585 12239 14026 2275 7757 2988 10467 3062 3153 3407 4206 10673 4501 4951 5483 6296 6526 7734 8875 9350 9261
232 11601 14309 14618 233 10743 13502 13523 13791 241 13717 14629 7880 9662 1020 1580 3540 3707 11959 3895 13010 4208 4459 5059 6189 5957 6611 6459 11584 6946 7604 9767
235 14393 14548 14642 10286 1273 6084 1405 11472 1590 11364 13132 1669 13434 3265 12843 5488 4949 8313 4971 5144 5250 5476 5569 5842 5974 6842 11441 9360
5772 7345 3155 237 13735 14118 473 10698 8701 1399 10124 12949 2771 2901 8820 10060 9540 5471 7079 7433
146 726 10678 12413 239 9630 14344 14357 6276 13295 1298 14087 14197 6088 1564 11936 1583 12127 12231 1720 5606 7072 3581 2227 14134 2875 9020 3268 12106 3823 13525 4428 4510 11087 12933 5971 10239 8212 8418 9422
8 12190 13986 14622 25 14199 14323 169 11457 246 12498 13674 13069 7235 1235 1402 1543 1950 6681 6375 4506 4286 10210 9096 5826 5863 6452 10858 7674 8573 9410
249 8585 12626 14944 11113 550 13814 14037 841 14310 924 7511 12200 9951 12594 1210 1387 12388 10035 1986 12063 1995 2560 3938 9917 7676 6110 6383 6221 7516 9185
250 5490 6738 13925 1275 7004 7553 12132 1509 7884 10090 12798 1787 3232 4061 6169 6724 6656 8241 7588 10636
9934 251 10386 10907 10007 3004 8308 4086 8056
252 5270 11180 14819 631 9335 1052 2415 11121 1409 5922 1454 5840 8267 2474 3113 9311 3240 9271 7766 8771 6052 6461 8349
256 4093 8883 13156 1127 10652 11083 2396 4907 2808 5272 3980 7305 4109
7550 2109 14972 3451 4765
261 12996 13759 13884 276 12581 13802 7565 951 13072 1006 1535 2285 2972 7720 10331 5044 11198 5241 11804 5347 5553 9324
13687 13538 805 13007 14951 1043 13323 2029 13659 2119 12697 14088 3070 11202 3569 12050 5137 10911 5257 5865 7780 6496 8499 9386 12284 9869
234 13003 14335 264 8676 1416 1521 2397 1860 7401 1955 5227
265 3198 10392 11925 476 11614 11898 13713 705 719 10191 12937 8631 1350 3476 5267 12532 1791 4986 8430 9183 7239 14193 2249 8347 2871 6985 2917 9295 3034 5592 9131 3420 3774 4337 9404 4162 10580 4438 6895 6280 6399 8437 10761
14611 330 2411 12374 9715 588 11159 13176 5899 779 2451 14132 14839 810 14084 831 8083 14221 833 14027 855 3336 9931 11282 1615 9729 13869 9535 10127 2278 5576 11999 2455 2774 8058 3329 11242 3577 13834 3878 4190 8161 4330 9259 5000 4606 11826 5790 5814 10072 5946 10444 9835 7782 8425 9257
266 11656 14503 14692 6075 1217 13343 1250 11543 14647 14234 5919 2186 10337 13187 2476 2842 13718 2932 2967 7963 3119 3659 10536 4160 4205 9717 4709 9649 12061 5102 10676 5350 5421 7163 6409 6541 6810 7419 7585 8240
11752 791 13612 14129 14510 1847 2996 4579 5134 6046 9310 6120 7346
10612 13033 269 13585 13922 842 13124 1662 2857 10494 4232 11720 9587 7839 6369 8292 11072 9893
272 4996 10058 12573 2980
275 7943 8641 13020 3142 9591 1909 5279 8965 2025 4146 2622 6053 2930 6055 3561 4580 4723
1891 12117 12775 12939 13089 2819 3498 9697 9014 10700 4976 5197 10768 9108 6331 6674 8782
9495 214 7188 11372 13552 14920 422 5472 10039 14249 535 10189 6919 11884 1306 4772 3523 3271 1702 10269 13103 2658 2709 2778 2824 6766 2923 10019 12172 3675 10802 8404 6126 5014 7554 6059 9296 6889 7286 10056
14598 277 14612 14700 14836 392 13253 721 13939 5913 995 14383 5157 1508 13254 2158 2478 3048 13540 9990 3672 11275 4092 4287 7662 12008 5734 12940 11550 11947 7142 8692 7530 8504 11988 10257 10658
10869 280 14018 14096 14859 403 10349 3974 1972 10396 9433 10964 4043 11882 12337 5253 5480 11570 5676 10501 12434 5947 9399 7835
283 14564 14670 11732 1839 13632 1958 11404 2564 11952 14079 3191 12687 3239 9272 4249 6142 5680 8768 6582 6771 9901 7302 8438 11231 9726
22 11273 14306 284 7575 9943 654 12271 13183 896 969 1054 10896 2022 5733 10352 2288 3682 10271 7035 8120
285 8388 9446 10605 2356 7347
9961 447 9899 10338 10472 14283 3917 6758 12717 4464 10163 4835 5230 6995 5385
14812 291 14219 14648 14821 612 10483 658 14960 10744 11130 962 12017 13505 990 6246 992 1324 11256 12135 1327 6728 9909 1963 10093 13462 2046 7321 13933 2099 7942 2178 2240 11642 2603 11869 2674 3405 6198 3535 8288 3651 10290 3977 4191 5302 7617 11534 12118 5800 6125 6326 6408 7747 6626 10075 7368 7561 7888 10807
10991 166 440 5605 11709 7838 292 10303 13514 14010 11057 14940 912 8482 9601 12287 12261 1743 13002 2005 10229 10340 2015 7282 8129 2041 8521 2290 5268 2378 6905 12869 2699 2750 3505 3076 6774 3089 4655 3212 5104 3529 3871 3899 4766 8946 9191 7744 5096 7988 7779 6064 9363 11178 7301 11235 7815
294 7761 12355 13469 4234 777 12275 1215 2231 2553 2565 3272 8255
3 10675 11945 14558 296 13574 13893 14824 516 10916 14426 675 11411 7595 1270 8972 13766 1712 4596 11739 1818 8660 1938 2132 7242 8205 12819 6217 3092 3419 8332 3649 7100 6465 5565 9150 13086 5191 10565 11405 5673 12474 6560 12612 10497 8084 8747 8760 9060
13985 11641 1012 13930 14133 1815 14158 1918 2653 13313 14440 14605 1954 12976 14067 14738 3797 2302 2313 2720 6671 12224 3805 3885 4148 11902 4560 12179 5327 5501 5732 9830 5686 6722 6753 8915 7770 9337
14352 7017 1536 12922 13655 1541 13999 8691 7826 12699 2506 3161 10460 3147 13962 7916 3678 4136 4906 8444 5884 8887 10642 6922 7438
299 14004 14377 14856 797 845 8469 12245 10819 1162 7203 2588 8354 11497 3045 3975 4391 5006 8336 11990 5701 6850 6500 9957 6935 7931 8949
12543 148 9963 14522 14829 302 13905 14596 452 1518 11484 14998 609 7960 10244 623 14539 12782 902 1028 14099 1205 4803 9073 6654 1684 2242 3023 8318 3471 5254 3573 3759 10029 10519 7064 4029 11488 5016 5133 10506 5324 5533 5633 6824 8400 8479 10550
14798 638 12021 12880 1129 1997 13302 1164 12404 1183 12806 12464 1745 10243 1892 3766 9345 3326 10956 7054 3803 4118 7061 7955 6453 7680 8262
11111 305 10345 11257 13827 14678 341 13153 1365 12667 1609 1723 7969 9677 9714 6682 5568 10855 7542 9507
313 14552 14928 8078 9143 13771 897 2610 2862 4226 10418 4264 6225 4729 12205 5164 6536 7194 10133 8611
318 10864 13361 13515 13630 1341 13447 2307 3028 11540 12983 8675 12269 4549 7966 4656 5590 6134 5703 6551 7601 8133 10914 7956
321 6590 11914 13118 821 5281
11466 13016 9708 8997 10009
65 13310 14864 14989 136 12643 13770 13885 200 13116 14494 11549 11013 735 4019 10108 822 10872 1546 10614 1665 10746 13915 2210 12004 2250 2292 13435 2407 2572 5497 13392 3416 3424 4059 7631 3429 3464 9651 12767 3654 3852 9079 3926 10934 4259 6428 9528 7284 9682 7379 9857 8570
326 10086 13192 14587 435 13058 1061 6530 8643 11934 1488 8265 4080 9055 12756 4216 4754 4410 4652 10245 7870 7373 8226
336 8383 9115 9736 10251 1000 3160 5926 12829 1323 2580 13954 7536 2713 3680 6881 2779 5151 3764 9435 8010 6302 8653 8097 7327
194 10887 13437 339 8617 6152 8720 5432 5517
11280 12291 7513 1629 11836 12847 2106 12445 2192 11595 12613 3115 4712 5624 10709 10228
343 10595 10891 11126 13216 866 4399 11155 1538 11286 1911 7679 9610 4084 5754 9354 9845 8812 4505 4547 6665
9655 348 8736 9818 14751 13699 9532 1903 9834 1534 12182 1683 7277 10448 11694 5299 2065 2088 2618 2628 3781 8180 2944 4096 9329 8799
13581 1440 1842 6705 3689
352 1354 8268 9051 13334 879 5078 13858 1259 11775 13864 4290 1408 7447 2922 11692 3128 10740 12183 3334 6701 6131 10027 4480 9746 4855 11131 6638 5585 11628 9503 7959 8864
9100 353 9900 14747 412 940 1348 1419 8489 1707 2475 2953
53 12844 14530 14767 14935 207 14337 14369 12905 14791 557 8818 1021 13492 1064 14395 1499 8810 1964 10128 13593 1966 2458 2607 3376 11450 7271 4223 4551 4973 6808 5067 5112 5148 6093 11470 6412 8100 8162 8619 8910 9205 9828
357 2745 10028 10861 12800 410 7230 9406 505 2387 12461 727 5456 973 6455 2552 3932 8451 4069 7139 6559
13050 436 10143 13365 3709 2263 2491 7940 11640 2989 11599 3589 4895 7389 5424 5799 6438 7377
9394 323 10777 11780 14358 359 11770 14127 370 12285 11444 1553 11358 2094 2433 10310 2495 9847 12473 2665 7259 9144 2759 4458 5229 7919 6020 8334
10684 361 13883 14664 14675 12637 874 13744 14746 8359 7814 1393 12431 13307 2386 11891 12916 14176 14478 2434 13914 3003 4006 6754 12908 4630 4918 7593 13609 5446 5747 5972 12716 6147 11148 11616 7195 8432 7494 7535 9457 9622 7944 9202 10115
223 2056 3718 5989 9274 362 8421 9603 739 5682 8399 8822
220 9181 12736 13508 316 3375 363 11352 12749 13180 10446 1244 3135 12505 10069 6098 7397 7312 7701 9952
366 1170 14233 1084 4841 5575 9106 11821 1265 8392 2294 4388 3098
8827 368 14165 14870 12126 1450 13148 5398 12491 12986 8793 11860 3687 4257 8791 11112 4627 12323 5716 11074 8412 9686
11941 13055 371 14490 14573 14850 484 13272 13732 544 13749 578 13396 759 14121 848 12383 13511 14482 1209 11263 11558 4889 1801 1825 2675 2971 7431 3934 6857 4704 12176 4964 5821 6798 7739 12416 10540
12552 377 4484 10253 14922 10930 1230 12690 5111 2390 2467 12373 13995 3055 3235 12748 3484 6411 12125 4544 11567 11854 8063 9611 8786 5461 5510 5955 10619 7108 9065 9288
5885 13936 614 11407 14417 633 2827 7610 11655 2956 9870 4417 7052 5115 6826 5366 9886 6261
205 2751 10895 14016 384 1812 12410 13345 528 8928 12217 1015 1757 12227 2688 10557 10590 4058 8456 10525 4882 5898 5149 9808 10672
386 14422 14449 14828 653 13715 14052 1351 9119 1652 2746 2146 12238 2766 7215 7299 3426 3597 3935 4370 4493 5282 12082 6095 6489 6742 10218 7143 8223 10410
388 13813 14519 14994 511 1463 2074 11052 3386 8757 3923 4858 7423 5485 6333 9113
396 10574 11958 12254 584 2149 12090 635 11082 11281 1406 13228 1455 9246 4914 2157 4698 6393 9476
2848 397 10351 12663 13336 13461 1211 10051 1626 5980 11806 1928 9614 2167 7014 2764 9216 2769 3332 6859 3490 6795 4849 5722
10578 8836 13481 2252 7587 8773 2927 9680 12427 12598 3223 8889 9074 7120 11966 5373 11043 5564 7683 6202 11682 6790 6755 11041 9231
290 12852 13230 14954 13238 398 12953 401 13043 4231 5150 6022 6151 6527 9846 7186 8148 8645 8853
402 7934 9713 10809 13029 867 12321 13439 1168 11189 11224 2176 7989 3288 9868 6854 7619 9450
409 13764 14030 14663 553 12486 10748 1500 11399 9339 1721 1923 2525 10581 3294 4283 5354 5596 8191 7440 8195 9946
14589 14188 11583 12987 14765 12960 2464 14443 2753 3362 11274 3646 4137 14128 9141 4620 12493 7675 13736 8684 12046 12703 10123 11006 12251
7945 414 13788 14226 14667 809 13824 12578 6841 1808 1970 7660 5223 6226 8160
13087 262 11561 12744 14562 373 3246 10995 12052 14442 888 3592 7624 1595 13637 1699 4420 2122 3723 2785 9694 10944 11003 3150 5378 8857 12026 3319 12506 3428 11883 3988 11685 11899 9728 4566 4794 13210 4885 5024 10894 8300 8069 8577 7520 7618 7926
14714 420 14546 14703 14900 12213 576 12702 14823 717 11310 850 872 9213 14942 12147 895 13080 13745 8123 12314 2170 2230 2406 2499 3507 7491 3884 4082 4416 4854 9771 10950 12094 5002 10655 6275 12122 6368 7460 13001 11016 7504 10544 8124 9898 8784 10255
13592 5103 10697 1789 10937 3510 8250 3706 4525 5502 9008 6398 5801
270 11492 12862 13466 14218 425 10875 11667 611 8202 977 5056 6165 8376 2206 10371 11066 2834 10439 3047 3302 4336 8707 5286 9283 6308 9936 6380
4172 430 14594 14868 14876 1427 14555 3369 10321 3767 13627 12488 13657 13842 4523 8886 4934 11334 5374 5383 11048 5889 9748 11371 6176 6289 11873 6348 13680 6567 8275 8581 9383 10986 10629
13761 432 12566 13529 976 1049 4877 1058 8851 11042 1310 7819 4201 4567 8648 6112 8937 6899 7970
12751 14525 2726 12469 6878 3394 3648 4124 9415
441 13326 14566 14912 6507 3862 10387 10539 11142 6875 8159 10122
16 13454 13704 14355 10419 443 12858 12979 773 14071 4013 10109 12487 13966 11648 4141 4625 6416 6494 9733 8503 9124 8951 9428
85 11416 11460 13452 13707 445 10518 12430 14879 14957 472 9488 9580 11964 2638 13478 1010 1337 14447 1252 5952 1355 7362 1469 1497 5076 1638 4340 5213 14116 10968 9067 1956 13320 10014 2424 5122 5212 11698 7245 8229 3085 8923 3310 4227 9089 4284 6061 9637 4384 4672 7807 4713 6156 6877 6955 7278 7987 8689 8884
446 12604 14095 14797 14509 1504 8027 13211 2566 12055 12538 3167 12725 13121 3183 14130 8319 3439 9947 13340 3607 9312 3686 3782 7121 10049 4980 9850 10391 6187 6439 6652 7333 10531 7778 11652
12758 448 12014 14787 4866 9749 8655 5098 9626 10592 5361 8440 7912
59 2752 8309 12914 14786 451 5550 12890 13828 748 7777 1267 2000 3389 8190 3820 6415 9085 9579 7274 7315
1844 453 9782 12121 12537 12711 1130 3468 7337 4200 5470
455 13395 13575 14477 2188 12773 2492 7082 12394 10353
457 1432 11483 11755 12776 12146 1738 7252 2635 2776 5887 4454 5391 6880 4844 6513 6886 5440 5726
11325 459 12671 13763 13856 13974 597 1813 12233 2197 12015 3913 10556 4315 10868 4626 4775 6175 7632 7968 7981
460 11772 11943 13173 14278 6649 1805 7895 2329 10547 2931 12765 13019 3868 8865 3947 10142 4008 9031
14761 14764 1344 14338 1478 1522 1555 1640 13728 1811 1896 1977 1984 2534 13725 5474 8013 6229 13579 10990 11989 8767 10648
464 6070 13765 14196 491 8101 515 12470 712 9376 926 9906 1353 1771 9318 3642 6974 8282 7579 8474
465 11500 14484 14514 1668 4564 10811 2856 8236 8361 3073 3660 7281 4611 6657 10710 5540 6440 9155 7670 8387
467 11496 12191 13757 14273 1039 9981 1600 2009 2152 2536 8000 5312 10633
468 13561 14893 14918 5012 556 10846 14930 595 835 7878 8830 1154 1188 1191 8545 8953 13110 1449 9374 1517 2364 2598 3487 2767 3050 8048 9035 3368 4708 3452 9968 3997 7009 4891 5524 5713 6528 6168 7247 8632 8038
14524 14962 13366 10764 182 10139 13021 13789 13896 471 14600 722 14725 12739 1593 1634 6181 1796 14391 10900 2269 10848 2349 11186 3293 3463 11406 3641 3983 4413 8008 4394 6083 13157 11136 4862 11823 5066 7037 6376 9189 7233 9644 8066 8188 12155
475 12907 14173 14259 9723 1037 4875 12712 1311 10509 14025 1584 11760 12884 2426 2558 4319 3037 12342 3330 10088 13929 9265 5643 8748 11453 5892 7367 8758 11171 10273 8826 9190 10685
178 728 10870 11169 11556 408 12524 13006 13223 3379 8380 1026 13061 9486 1573 7591 3121 11803 8080 4314 4558 4706 6788 6232 7119
5997 482 11510 14889 1575 7349 9676 2097 3996 11749 12097 10745 2906 9322 3702 4452 4466 4649 6603 9305
483 8037 8636 10624 905 12527 12535 1022 7699 12786 8777 8725 4352 5555 5988 6632
105 13840 14554 14799 14381 524 7849 8303 11305 700 3683 12412 12964 1072 1363 7067 1686 10962 1988 7806 8982 2585 3171 3187 5113 4142 3747 11764 4586 3948 11118 4051 10878 4085 4107 4390 7069 5441 7829 6097 8403 9656 9001 7497 7596 8325 7874
10803 488 14076 14897 12746 1710 3339 12889 3674 9029 3985 4224 9824 8778 5187 9441 5491 12444 5867 7000 8130
45 1278 1446 9171 5233 247 11128 11799 13046 489 8623 12718 561 9262 10715 824 10589 1192 3125 3710 4255 5659 6073 7083
5765 14742 530 1367 9010 549 10203 708 6781 11521 1644 12634 1819 1945 4884 7881 2125 2522 2772 4798 9499 3100 4150 5664 8697 5082 5482 9911
9816 11687 1083 4785 13443 2151 3440 11389 11831 13317 5757 6471 4297 7836 10208 9698 5022 6917 5719 6306
501 2423 12513 13078 1114 3608 12954 5437 12362 2539 2743 10097 3175 7116 10293 10755 4355 5419 8741 4614 5114 11479 8967 8178
512 12655 12944 13126 13446 878 8081 5064 3014 3301 3435 3472 4380 4517 9285 5848 7285 8377
513 8835 13650 13951 14637 4902 737 887 2410 3057 4496 3456 8817 3696 9815 4774 5518 6199
14082 520 620 10190 11632 13881 14547 14814 1107 12206 1120 5578 12971 1204 5629 1642 11068 11168 5968 4725 10830 8525 4962 7204 8302 10341 5183 6301 10110 5418 5691 10020 9566 8649 10344 6849 11622 6885 11139 10409 9773 8331 9129
9750 525 12878 13634 1489 11805 4133 5033 9382 6335 7376 7473
1105 509 9772 13054 13374 13949 542 11523 630 8665 6076 9278 2816 1618 13181 1835 2145 3616 5249 11245 3717 4065 4186 5189 6307
11863 526 11147 11730 11981 563 6501 2003 2807 3381 9279 9839 7177
9691 529 14409 14691 14838 583 8534 812 13994 1112 14215 1347 13669 13142 13678 3430 10365 4010 4654 11362 7508 13026 8475 8485 9568 11597 9258 12517
8491 534 14403 14805 3356 13363 3457 8921 4474 11339 4950 11230 5332 5496 9738 5670 6556 8297 10091 8476
540 10226 12062 14981 1352 10832 2472 3283 7868 7754
541 10716 13185 796 4790 4815
438 13182 13279 13329 543 10865 13701 1038 8942 2797 2027 7608 11054 3705 3145 8251 10314 3317 10036 3605 4147 12116 8895 4623 7125 4913
546 4621 7794 8338 11650 4195 5519
9819 551 13987 14068 14752 14858 6868 1117 12059 2541 3214 3744 11397 5888 7386 6304 6337 6433 6855 9724 11455
9252 552 13013 13358 13373 1279 3461 12969 5878 6160 7866 5962 6643 11038 7025 6240 8690 6601 6707 7267
13141 1422 6058 6954 11876
306 12771 12827 13582 431 12793 13018 12211 11928 600 2513 9787 4210 4684 12396 6207 10936 6953 8510
564 11321 14060 14760 10949 5779 6235
565 5079 12456 13431 699 4310 1369 8040 1709 4592 8330 2084 3715 3351 10150 8111
566 14420 14625 606 1493 1412 12692 9244 2011 12618 2118 11288 2315 10222 3897 4397 5864 8189 8914 6329 10489 9061
13606 14941 13998 863 13942 15000 910 14297 930 1255 14553 1748 1774 1797 1981 3792 3626 3882 13097 4600 4722 4905 5429 6219 6576 6819 8158 9969 12676 7480 9598 12927
49 14461 14533 568 13975 9177 13269 2024 2280 3276 4276 12875 4820 7092 8157 8204 9980 8987 11848 9501 9874
571 14439 14633 1773 13549 7951 9730 2484 3266 13806 10563 4372 11808 10945 5536 13746 13430 6039 12141 6812 12229 7325 7833 8299 8856 9064
103 13273 14531 14772 13232 572 14113 14886 907 989 14157 12070 2312 1506 12942 2535 3300 3340 3553 4260 4324 4442 9245 5181 10105 5902 6360 6395 6997 7303 7317 9178 9391
574 8326 14593 14676 632 4177 10508 970 11063 13027 11817 10507 2135 2460 4012 11539 4151 4250 4403 9154 4485 7164 6336 6799
575 13135 14251 14660 1697 11931 3604 5306 4460 9669 6355 12956 10632 8094
5531 14142 496 13831 579 13038 13140 11787 10212 978 1962 3855 12826 4850 5969 9859 8143 8461 8759
13448 580 14763 14901 14964 1321 14780 8529 9569 2120 14684 2533 3213 3231 14543 3972 4127 4353 6007 4578 8486 10024 13470 7841 13940 10241 9042 6060 6670 6865 8344 12531 12002
10742 581 12965 13647 13809 1395 6262 2141 3243 11346 3652 6485 3952 4098 9107 9117 6836 4685 4746 4888 7694
14376 2621 4117 6577 3783 7664 8901 5049
582 9044 14662 14706 953 11786 2648 8537 2727 9962 3042 3154 10385 9009 4364 5336 9843 9720 10076
14325 5740 1863 13457 14015 4356 2787 3411 4000 12906 13042 6030 6374 12421 9056 10754 11366
128 3503 7018 590 12297 13220 13277 692 11221 4903 5621 7547 8873 7042
592 6320 11151 13941 2555 2462 5591 5897 7505 2736 5704 3137 7129
14496 939 13778 14237 14702 1046 9219 14291 4344 1996 13957 14360 8562 2440 14172 2915 11951 3526 3583 6744 3864 3886 10929 12561 13709 4042 4697 9571 4987 5236 11810 5861 7392 12651 8193 8702 8839 9208 10714
593 14796 14852 11742 3927 944 7365 1379 14330 10635 13714 12571 2705 12876 13645 11173 13066 4265 5880 7805 5467 11482 6630 9875 9163 8089 12860 9699 11132 9954
5928 596 4647 13602 14459 11757 1071 10827 12276 1308 10554 12290 10931 4275 1557 1883 3117 2213 7743 10268 2855 3215 10638 4149 10647 7264 4552 4670 5675
12322 13490 598 12389 14614 14971 10704 751 14976 12107 10346 1465 14869 3698 11842 2222 12593 5937 2637 2805 3018 13287 10165 3257 3354 6764 10564 10576 3366 3397 3860 4176 11781 4389 5356 5477 6136 6179 6800 6896 8324 9396
5753 603 11714 12420 14778 2363 10854 12391 6316 6177 6140 4238 11833 13172 4783 12189 4957 6837 5352 7613
608 12250 12418 13870 14320 677 2586 1096 10767 1539 12630 1894 7732 4694 9361 3206 3259 11856 5139 4398 6435 10453 6713 11227 5235 9098
78 10626 14419 14707 14826 10370 10523 615 14644 8483 5823 1728 12381 10022 10545 2957 13743 3872 3949 6103 4415 5166 8677 10829 6081 9364 6820 6827 6907 8307 8739 9241
267 10145 12349 12559 616 8918 12111 1333 6449 1567 4170 8409 10641 1716 2050 13077 2976 3970 3200 6286 4027 11469 4075 7796 4436 7027
618 14159 14174 14956 1139 1332 12195 9135 3127 14001 3924 12282 12154 7612 5077 12772 5614 6495 7062 7527 8128 8463 8745 10030
12675 617 11697 13031 14881 11011 5260 1078 10575 1999 2813 10033 4135 7958 5646 10164 10305 7539
13798 629 12345 14775 1284 13322 14288 1356 7726 2514 12188 2815 3548 3802 4091 4269 4492 6028 4692 10657 4735 11425 5640 6911 7329 10262
11790 14350 14888 5718 853 12480 14781 1290 2298 13266 14724 2346 10431 13619 3636 8490 3765 12576 4404 9744 14294 6493 6807 9959 10665 5841 8520 6158 6695 6941 7335 7454 9555 8999
639 14681 14939 2737 14009 3156 12523 3531 3743 12356 3769 3887 3907 8535 5300 5961 9543 7892 8327 11172 8809
4262 11326 14050 1827 12845 2006 9784 2608 9142 3323 11664 7484 3679 7634 11146 7255 9414
5845 640 6840 10336 12601 899 2153 4635 11994 4733 7381 7964 8435
731 7015 7404 3164 9493 11337 4292 4915
13432 14302 1223 13280 2985 6558 8391 9895
244 12609 14688 10952 643 13663 14081 847 894 3172 10749 3337 3609 10458 3836 9965 4079 4392 4291 4838 6737 6051 8136
645 12328 13751 14931 13442 1143 11965 12184 1388 1901 2150 2277 2556 4193 4989 6373 5489 11124 6287 8695 11486 9976
9774 648 3785 10898 12027 10653 3562 3102 10116 3305 7208 10741 6943 10953 6676 7407 7044
13852 650 5061 13402 14694 6119 1285 11200 6188 1700 10699 12210 12499 1873 10073 11956 13624 2172 6970 13339 2264 2789 10261 13786 6146 4256 11507 13155 4303 6872 6835 10401 9988 6592 6668 8407 11214
651 8408 11887 14264 1375 11502 11734 9695 2511 8367 3543 3825 5655 6442 9508 6542
79 7842 11699 14203 499 8310 9938 11369 655 10071 12311 931 4688 5944 2800 3844 7698 2983 9071 3939 6618 4966 5705 5717 8614
661 7549 11992 13441 14580 10851 5305 6057 1912 10230 3799 11119 8433 7789 10064 7751
12481 5040 663 13983 14833 2108 13576 9421 3570 3830 4196 7710 11868 4516 4594 5587 10234 5975 8897 10095 9564
665 3986 5322 5933 1196 4230 4559 4734 11532 1681 2195 5090
415 10500 14231 14855 490 13129 667 14307 14947 674 6194 13740 1090 10473 1287 13731 11589 10464 3043 11573 3103 10481 9024 3746 9282 4052 4661 4762 5563 5573 5746 13333 7086 7334 8276
10919 14340 14865 14769 9226 2432 11045 6614 14405 4846 9735 6687 10800 10384 12536 10669 8034 10368 8353 10427 9291
684 10752 13348 13926 14378 12646 1688 1786 13233 2225 3184 9762 9187 10347 12750
94 4577 10984 13260 14151 605 11615 13719 14150 689 10182 14124 985 14080 1239 14017 1588 12397 2258 2597 13355 13900 2631 12196 2783 2802 2810 2897 9675 2979 3195 4280 8610 4920 12087 5242 6616 9459 5458 7577 5812 9681 7567 8298 8203 8588 9505
13865 14384 2193 12560
86 12795 13000 14716 379 8761 14606 4953 690 13288 13497 13967 974 3582 12376 11027 1783 4892 6769 13910 2666 10315 13100 3832 4119 5406 9821 5372 5687 9554 8314 6044 10240 11905 13025 6257 11417 6515 7506 8814 7641 8118 10263 7731 11867 8564
12722 2571 693 14429 14774 14274 13969 11266 13034 14628 11156 14055 13477 12302 8362 3780 12636 7572 4830 4861 13406 13500 6620 5750 5998 6382 6692 9411 8137 12149 8880 10287 10561
9049 696 13106 13988 14368 14436 12197 13739 9460 2780 14569 2960 2987 10217 3867 11985 4431 11032 4604 11816 5124 5208 6996 7308 11784 7417 8850 10213
13349 570 12836 14695 697 2405 14205 12042 7599 14183 8890 1666 8819 11359 14101 2447 12868 2473 9661 10979 11014 9629 3056 13076 3262 4114 4347 14011 5538 5617 5692 6086 8955 6291 8833 6299 7737 6761 7804 6813 10903 9409 8468
463 718 10032 10151 698 6509 11585 13706 11382 12171 1002 7999 11336 12193 14465 1051 6888 1221 13440 1578 7594 9452 1696 10651 11055 12525 2123 2418 2480 11253 13888 2866 8859 2934 6241 3644 7229 4738 4744 6725 5010 5247 5308 7222 8183 8834
140 11728 12761 14890 607 8194 13846 12510 792 13879 5435 3409 1428 12426 1437 10664 1946 2337 2963 9638 2471 5351 3129 8304 8990 4189 4350 5572 11713 4991 12936 5214 5278 6101 8340
33 6102 8916 11512 701 10188 12273 12799 7313 1524 6714 12099 1582 6273 8284 13351 2661 7196 9004 3445 11029 4068 6780 8415 6014 6023 6488 6939
13685 851 11919 14632 14766 9165 1457 10477 2516 4740 5862 9786 9016 9745
704 12886 13040 13835 1476 5087 12270 13640 2676 7256 11794 11098 3177 4500 10820 4818 11551 5359 9114 5405 7476 7444 8798
240 2954 7713 14041 707 11409 12834 925 11904 6397 12688 4788 12650 10690 5031 5415 5466 6688 9948
11394 126 281 7320 8285 13471 10884 5512 13845 892 9884 11668 12120 8801 1272 6794 11340 1571 8815 2443 2379 5792 2721 10053 3410 11487 3976 4590 4811 7950
672 2694 8976 10267 10769 713 6197 827 1238 5966 10156 1726 2604 2267
714 6580 10227 12779 13198 7901 1494 5689 11993 6861 2431 5141 3016 6521 3415 4502 4573 8146 4572 4660
3754 268 13304 13924 14397 444 13115 14845 725 11738 14623 7793 1189 1325 11827 11217 2163 3211 4584 3286 10299 3900 9646 4351 4478 5766 4602 8729 6967 7007 9908 7166 7462 8813
729 5395 6117 13535 885 7799 9865 13044 2144 2647 8542 3551 4728 4760 6204 9090 11007 6238
6318 730 8169 8740 12929 1498 7382 1983 3465
7846 734 13041 13973 14371 14455 1482 11917 1487 2001 11765 2262 5924 5394 5665 6255 11948 7830 7973 8877
741 6277 13105 14541 6270 1848 13693 10476 4870 4302 4526 7344 7900 4732 11187 4791 8574 5941 5985 8848 7653 7336 7287
742 12441 13099 13341 7545 11814 2938 12730 3943 4053 4562 6644 6747 7623 6893
749 10770 14351 14997 7563 5610
2488 750 12661 12684 13151 2382 3466 12368 11579 5285 8480 7358 8531
2600 14842 752 8700 11478 14756 937 1224 8855 2048 2328 10319 3752 8650 4266 4638 7340 5918 6732 8434
753 11062 11097 12492 12822 754 1781 1628 8540 2562 4797 8719 5101
75 5057 11335 13801 14535 500 11019 12590 13710 604 870 4113 757 12755 13932 4653 11871 1649 5328 12683 14038 1695 2038 2794 2942 12516 3277 8634 7220 6303 4244 4511 5484 10041 9341 4945 7458 8012 5423 7088 9737
2365 762 12086 13353 13855 14515 4671 3804 4221 9928 10080 10462
203 12732 14578 14715 358 8011 13989 389 13803 14894 514 12078 758 10973 12286 13201 766 13849 13510 5401 1199 11103 1968 2400 2456 5708 12968 12073 2773 11456 2830 8423 3269 4246 11746 9863 5225 5371 5520 8561 7564 7704 9719 8397 8706 9620 8840
9609 14347 5950 768 9222 14043 783 10686 11436 943 2757 4064 4748 8022 9266 5796 10422 5852 5871 10584 7809 6991 10018
8961 770 11415 14565 2310 12187 13112 2399 10569 2995 3311 3493 3921 3497 3669 9294 4153 6269 8893
71 8320 11153 13422 228 1322 5256 7192 4129 4446 554 7910 8518 778 6516 1229 5850 11086 1694 4872 1931 2468 6215 6267 5202
6109 12935 782 13904 14788 11250 1898 10726 2748 10441 2929 11986 3627 12092 11105 11237 9534 8471 8674 8874
7977 374 9701 12298 12515 13550 428 10198 13878 14333 14745 13092 676 10424 787 1572 8144 12165 813 918 13607 9103 11463 7755 2177 10192 2375 4100 2551 8199 3902 10661 4242 5743 8599 5881 8509 6054 6640 7348 8968 7630 9576
10408 795 12551 12794 13093 906 11651 12622 13271 961 2695 2997 4035 8750 5637 8379 8592 6019 6957 8891 7729
798 994 9817 11438 7053 11511 1119 4044 1300 4822 8966 10420 1814 11373 3343 7228 5321 8020
11606 802 12508 12982 14290 1460 12863 1929 2353 3033 3606 4028 9633 4805 6283 10277
803 7684 12874 14110 1237 12792 2414 10279 2667 2933 8723 4576 9556 4747 9547 5602 5909
13854 14460 804 14399 14790 14895 12369 1296 14908 1326 1425 2311 1952 1991 2308 2470 2950 13782 3059 8647 3790 11946 4801 4834 5499 7669 6595 8150 8200 8651 9003 12555 13413
814 13235 13384 1648 10512 11751 11533 9444 3179 8586 3693 3981 4530 5094 6342 7586
567 4108 4859 10216 816 1462 7033 9891 13356 1075 8936 10414 11763 11515 1879 2698 7455 4057 6579 5654
820 5522 5843 7449 826 5838 6702 9789 13053 1317 1627 1430 5942 9722 2200 2549 3603 3467 6931
271 7040 11581 13799 309 6467 7406 10935 830 5339 6962 960 3703 6989 10874 1271 2592 5215 3372 5121 6759 4178 5017 6012
4434 838 11995 13479 13683 890 13816 13882 14045 1732 1993 3012 3504 11875 4102 12398 4295 8371 5523 4540 11448 5995 8934 7372 6904 7138
12666 844 13009 13160 14880 1824 4152 2869 3865 4439 10549 6546 6871 8055 9940
44 5326 9854 14948 9112 14979 349 6915 11711 825 14841 849 8439 14359 6770 1890 12180 2085 9768 2359 11900 2732 4349 10681 4338 12693 4463 8181 6773 5062 5128 5217 9300 6942 5762 6371 6968 9855 9628 8460
263 6959 6999 13263 14326 755 4556 14049 854 11987 12089 2563 1915 10465 11163 11662 13090 2044 4800 10429 2199 11538 13059 2523 12856 12977 11435 2867 8105 2951 8009 12818 2990 10214 3812 4366 4020 7933 8187 10381 4916 8944 5119 5382 5836 5859 5879 7029 7510 7048
9254 12333 857 1751 2602 5117 14783 12633 11370 2690 10728 3742 5481 9423 6080 8488 6502 6923 7310
131 3612 11195 12177 3772 6056 342 893 11031 13781 5603 865 12726 13956 13085 13350 1376 6993 2677 5053 2820 9660 2911 9228 9368 3828 3937 5904 8481
4479 504 6718 13953 14111 7768 765 10111 14475 873 11474 13580 14467 875 5468 2160 3719 7137 3708 7445 4308 4334 8808 11434 13342 5246 11813 11980 6814 7721 11846 7115 7363 7644 11390 8155 8261 8775
236 10978 13318 14830 13229 660 13620 876 11294 14466 14485 14759 10718 5444 7758 2201 12975 13276 2251 2254 7295 2459 2521 5956 2633 2836 2910 11932 13675 2962 3099 11308 3159 11537 8639 10485 4430 11542 4595 13386 4639 6752 14491 4796 4839 12223 5011 5334 5611 8594 7845 7672 8892 9447 7678 10254
197 7144 10722 14486 243 10867 7486 577 10377 13839 685 1647 881 6555 11348 11707 2515 2641 3762 2833 11897 5036 3312 3623 5847 3880 3904 9081 4617 4807 10411 10320 7629
889 13526 13912 14666 14731 993 13362 1340 3815 2299 1759 1762 2370 13014 6193 4217 4504 12022 10824 6491 7167 11316 11878
891 11568 12161 12214 928 7689 1472 8899 10782 11170 2385 10491 2853 3186 4984 4271 7724 5622 9640
908 9249 11658 13662 1032 7571 1443 5265 11037 3002 7227 3054 6346 5216 6523 6545 6362 6704
909 14058 14551 14710 1187 1563 14179 10135 2232 2281 2383 7827 6222 13369 7212 7319 13891 7882 8258 8366 8849 8943 11809 11303
6001 139 10783 11796 12243 14777 14955 913 13403 14453 14595 9366 1468 14652 9573 14639 2489 9317 12762 2568 6118 9464 2814 12849 5245 2885 11332 13258 3448 3489 3552 3565 12831 6574 4115 4166 4343 10989 5131 7983 5650 8806 5831 6000 12963 9236 10010 6589 7330 8513 12054 9334 10235 10130
8382 916 10468 11216 12695 9665 10908 10057 2543 7465 2793 11134 3775 4795 8816 3776 3950 4296 10324 4758 7998
1973 5380 14911 922 7711 11631 12419 3038 4786 5463
945 12720 13517 14432 1651 2002 12228 5829 6047 9780 7668 8995
10771 303 7685 11793 14489 13133 947 12152 14254 14428 1658 1761 9070 9650 11649 2342 4024 7093 7939 2636 3116 12051 12274 13468 3149 5393 10362 11315 7218 5345 11504 8410 5781 6066 9251 6354 10141 6637 7128 11835 7237 8104 9567 8209 10572
959 6778 7114 8019 12539 1403 6539 7074 3069 10553 9235
485 12482 13194 14413 503 11012 14693 915 14056 936 1467 980 3249 11432 14154 1035 13138 1544 6998 1592 5619 1641 10905 1764 7296 2018 6505 11330 2112 11101 2668 5205 2678 3051 4581 3613 9454 4943 10957 6847 7051 7107 8384
982 3355 11647 14542 1664 5987 1867
986 6607 6866 7149 3777 4561
987 5877 8646 9545 10492 6547
186 11574 12232 14120 882 11688 11865 991 10405 1621 7681 2354 12405 3392 4134 4469 4371 4868 5649
38 12698 14293 14685 47 7636 11166 14545 98 10732 168 5337 13548 547 6264 958 14064 14563 997 12312 12577 12872 13897 1073 9193 9935 10750 1514 1601 1971 2554 7514 2839 10170 8832 3808 11797 4126 7719 12764 4433 9599 5248 5967 6593 9432 6655 6883 10209 8098 9692
13916 1004 13240 13604 14641 11402 1510 14785 14926 1779 14386 1785 10721 14848 1989 14019 10499 3220 3444 3681 4026 12631 5052 4664 13206 4784 5194 7399 5900 6010 6172 6512 10440 12948 8373 9145 9740
10659 1005 13199 13332 1247 12570 9307 8557 3965 5243 5767 6920 10004 7603
1007 12277 12332 13664 1591 2561
11700 12591 1008 7485 11554 13131 1414 7248 11571 1464 10342 11708 1559 9625 2887 5436 9033 3989 9242 5237 5284 9168 5513 5445
13705 1011 12915 14180 14709 4007 2466 2498 8908 2567 2790 6161 3203 3247 3564 3594 10415 7342 8272 7920 8109
13689 799 12432 13955 1014 11047 14892 14952 1214 10398 14143 1256 1289 13035 9267 1636 4967 2886 3251 7764 13899 4047 10639 4477 5492 4925 12048 6092 6068 6763 6902 10248 7135 8508 10274 10680
13166 4268 462 12879 13537 14476 12357 1016 13303 13398 1055 1715 1872 13381 3618 8805 5050 5179 5567 5876 8678
1034 10078 11145 13067 1345 9030 1372 10199 11485 7503 4179 4354 4400 7616
11386 1044 9840 12379 14677 3995 4009 7056 4156 4679 6456 7246
9 8755 9072 9458 345 11855 5344 1059 8606 11982 12280 1136 1182 6584 9348 2669 4997 2964 4167 4845 5782
14771 7853 11185 839 12289 12306 1070 9765 11175 14634 9039 5071 12753 2159 2268 9210 8093 2907 4497 6079 3208 10074 12478 3614 4385 3876 6585 4992 4840 4529 13130 4702 6090 10219 9005 5034 7122 11619 7103 10915 10543
767 9426 13874 14354 3753 1076 13903 9408 1937 2795 7437 11141 4648 11625 4929 4988 10096 5120 5632 7183
1087 13088 14194 14903 10627 1385 12674 1448 11578 11672 1532 14184 9881 2519 2439 10791 11036 2744 14200 3122 3545 3998 7785 4163 4325 9999 5745 8134 6049 6077 6729 9083
1088 13747 14526 14755 1359 2008 2276 12817 6113 4923 13760 5271 9054 9867 7008 8042 11410 10717 10773
10366 1089 4333 10573 11935 14883 1442 1692 12422 7280 1888 8721 4468 3391 12893 12020 3894 5008 12840 4707 7705 5320 5545 5546 5855 6685
14024 13832 1091 13837 14924 8497 13045 2246 9542 4836 5013 10649 5342 5699 6043 6443 12129 9048 8693 10359
5495 1094 13109 14938 1231 2039 13838 11555 2734 11240 3260 11117 4675 3910 9223 9984 4120 5364 7649 7706 6963 4329 7091
13265 1095 14102 14616 14834 14992 11569 1410 13425 14452 13191 2739 2975 3348 14300 3365 3502 3809 7856 5240 13774 5694 9201 6038 8374 12330 12682 7443 9013 9942 10517 11079
1103 12565 12901 14963 7891 11009 1914 13970 14831 7994 2191 14322 14630 2722 13225 2918 3234 11051 4073 13404 4926 5264 5770 12958 8658 5929 7700 7904 8003 9577 11967 11329
1115 9920 10103 12770 7625
1121 6475 12853 13004 1123 2632 8939 9139 9087 11766 3401 7707 4893 12218 5069 12215 6468 6503 7414 9174
1133 14253 14387 14621 1540 9583 11001 2868 5755 8269 9015 3148 3838 3255 10252 11771 3478 3524 3727 11802 6591 4881 5035 5176 5294 5325 6324 7609 7978
7886 1137 1673 13811 14818 3735 1526 8763 10516 2194 9666 6260
9776 1148 14328 14906 13686 9973 2738 3371 4900 10570 5839 9856 5171 4628 6026 12115 4641 8829 12108 7244 7356 9977 8746
43 11092 13319 14115 372 6344 14423 461 13397 626 880 1122 1152 10471 11015 1765 9897 2395 2538 2994 4476 8958 5507 5758 11459 8919 9199
10961 1159 9833 11081 1266 1602 9192 10838 3787 10202 5915 8500 10047
7637 9240 1163 10294 13615 14181 1411 14023 1438 8917 11661 12846 1565 1705 4448 2657 9753 9328 3275 11307 7400 4361 7117 8452 11069 5136 5390 11161 5797 10333
1165 13071 13658 14242 1228 10282 2089 3962 4202 5204 5527
1161 13051 13383 9654 2322 3071 6228 3342 4228 7357 9864 4781 5551 6984
12144 7574 1171 9402 12825 13393 11306 1704 1795 12448 2702 9075 13079 4769 8687 11859 5521 6104 10313 8963 9172
1193 12885 13306 13370 2162 10168 11548 2403 11367 2725 4331 5725 5736 11264 5858 6659 8644
1207 9986 12016 2707 9371 3036 7022 10265 6002 6206 8709
125 9802 13113 14336 1213 12838 13487 1243 1421 12044 3114 3645 5623 9888 4961 4993 6639 9872 10888 6913 9086
7110 8113 7213 1216 8547 12098 14472 2098 3433 10899 6024 7410 7903 8447
1232 10356 12787 13190 4571 5580 7614
7065 861 13938 14265 14909 1150 11005 1234 1755 12310 1944 13102 1961 10043 3701 3942 5168 4917 10363 6765 7057 7735 7695 7355
11712 1262 12265 13567 13965 12260 11234 3292 9480 11979
7049 1277 7537 11596 12085 1386 1992 6185 9316 4677 2529 4960 7864 2959 8781 3077 4863 3888 3964 6663 7556
9330 1283 9470 13565 14282 14513 6332 1605 2114 11677 2582 9793 4056 4904 4982 12262 5311 5711 6105 6388 7762
120 13665 13920 14421 312 13559 1286 12234 2438 2485 2503 3112 4810 5601 11575 5856 6806 6908 7696 8749 9336 9395
1288 8728 8732 11603 13012 1587 5160 2469 3821 6892 5092 5258 5560
11608 14137 1750 1167 6481 9455 14424 14722 1295 9783 14574 14914 7471 11997 13418 2030 7774 2067 5666 13636 2161 12384 2295 12733 13177 2682 3242 3930 3274 3299 3361 9518 12587 3574 11819 11669 4536 5083 5234 11021 5537 10102 5431 5454 5934 5764 7272 6242 9344 8948 6533 7087 8085 7241 9751 8737
8904 12665 7427
298 13566 14329 1001 8598 1144 8449 12263 1329 11721 12105 1657 12812 1875 11322 2291 5936 4095 12382 5566 7709 10959
1330 6231 9357 9683 1346 7171 3181
1335 12814 13161 13507 14803 1976 4867 8583 2336 11636 8754 4462 7691 5761 7559 7145 10912 10974
12316 10220 1338 4015 7765 12848 2591 4467 4503 6078 4710
744 14620 14784 9876 12599 1366 10689 13631 1597 10438 1855 12781 13886 12600 12502 12114 2716 9983 9123 3750 7626 4457 4998 5199 6867 6992 9820 9890
1374 7602 13207 13209 1435 10117 2020 2425 3740 8175 10106 5866
6048 1381 11598 12685 14586 2526 10660 13700 2900 12865 7984 4696 7463 4736 9473 11413 5752 9362 7860 7946 11774
179 6858 9705 9741 1384 11064 11722 12358 1389 9896 10671 1523 3840 2760 6634 9667 3736 3807 7080 7865 4326 5377 4941 6005
14054 13385 6250 4514 14815 9494 14427 2148 10079 13359 13795 2184 8539 14032 2279 6948 2324 13467 2413 8780 2595 3306 5459 3313 3346 3349 3568 10579 11207 12294 3749 11365 3822 4003 6625 8688 3922 6386 6565 7206 5896 8151 10922 9045 11143 7101 7733 8703
10631 545 1932 7812 14201 613 8213 14624 9332 6823 14474 12857 1730 9960 8930 2004 8117 10389 2086 12198 12760 2332 14570 3225 11912 3291 6067 3688 11630 4610 6403 4817 10712 10881 5375 6367 7156 7223 7546 10383 8532
1102 3528 9102 12267 13424 1396 11633 11745 1401 6065 9565 10306 4005 9894 7254 6214
1433 9287 11328 12009 11354 2596 9858 9958 9483 3169 6683 7343 8197 8743 7098
13623 413 12136 14112 12202 5198 1053 2417 1179 9792 13074 1263 1445 11499 12895 2241 11717 9456 3120 4553 5612 5996 11384 6914 7474 8554 7493
11138 1473 14022 14768 7411 11862 6805 3690 4014 7692 10247 4159 7521 9707 4880 5539 9359 5774 6782 10985
1474 12335 12941 13677 13887 1876 2257 4642 3082 3390 12194 3664 4272 5837 6121 11123 6153 10178
12548 11140 1481 12597 13178 13285 1718 12101 2130 6298 10618 4475 11820 13213 5273 5625 9206 6746 7021 7712 8315 9314
439 13697 13927 14776 7622 1045 13354 14508 8067 1233 14014 1328 11758 1362 13367 6328 1492 8333 12204 1767 3367 3441 7917 3519 14061 4703 6975 6669 4674 4898 6664 5532 5608 12842 8291 6239 11115 8220 7209
1093 10193 11080 11795 1511 1985 2540 12625 2643 3378 7268 4122 5729 7470
533 4169 14098 14341 1219 9429 12047 12438 7885 1515 12614 12833 1585 12973 1834 1980 8567 12221 2082 4376 2091 7589 11439 2113 11008 2203 2211 4972 6863 3643 3992 8705 9664 4239 5287 5209 5549 6757
399 14469 14523 14753 1260 1394 1530 14117 1680 2234 2266 2849 6392 4294 6223 13819 6099 13928 12350 7928 7993 8977 13289 11184 11363
114 7962 13378 14936 4731 10016 13769 1109 10733 13830 14230 4090 13721 1542 14166 14410 14243 1916 8762 2450 5346 6265 8290 3453 3761 3858 10455 10552 4049 4780 5047 11762 11832 5154 9690 5562 5834 6314 6385 6958 6460 12240 6540 8825 10295 7085
998 10395 13212 14091 1220 7435 13547 1314 11317 12564 1459 7654 1549 12007 13844 1632 5678 1693 12411 3518 2640 3438 2926 9007 4374 5487 12602 4778 5408 8841 6792 9076 6431 7322 10285 7418
1560 7297 12529 14240 2243 9944 11830 2664 14085 11893 3544 11454 3756 4453 4632 5080 5958 5221 8802 5450 10085 5465 6062 7034
1577 13848 1904 14411 14873 12729 13613 3827 12912 4245 4969 5135 5700 6100 6743 6793 6949 7265 9092 9862 10529
1581 8669 12058 14212 2233 6802 12403 4721 10154 9173 3721 10132 4248 10144 4930 6401 9264
469 8867 11120 14682 8548 1611 9918 10423 9574 3798 5155 5706 4060 7938 4345 5959
1613 5822 14592 14932 1908 12582 2095 11401 11520 3421 2202 2860 9866 2896 10100 3270 10119 11400 10050 3417 11267 6945 4411 4761 5422 11706 6760 10522 11356
12888 1619 13075 13371 14559 1967 8277 2062 7172 10534 3670 8088 13204 4429 4777 10301 4802 5360 6145 6315 7133
355 11726 14464 9796 1622 13711 13935 1917 13428 2408 2672 3843 4726 4666 6208 6777 11056 11058
11851 8170 1637 12919 14654 2865 3512 6224 11552 6233 10054 6615 7420
1655 11165 12157 12354 14739 2237 11164 2973 4382 7848 4924 10901 7982 6605 7375 7949 8041
8492 1320 1667 8900 12068 13486 13052 3611 3960 12304 8894 13577 3978 6884 12301 4806 10087 10601 5561 9871 5593 7817 5912 8558 5991 8263 8467
3226 5210 12450 13293 12479 1874 13792 1910 5554 3126 6796 7659 9260 4669 5206 5636 9151
6660 213 11719 14263 14479 347 12341 13203 1690 7136 14412 14512 1802 10302 7914 1936 10719 2051 8989 2059 9994 13670 2270 10061 2817 10487 3353 3814 10232 3729 9689 12334 6209 4878 6365 5981 6163 6171 8950 11203 8246 9993 10747 11451
6980 817 9303 12519 12870 919 9215 1579 1698 2016 12981 6366 2352 3491 2809 2878 6661
13531 6934 9759 1701 13943 14029 2763 11396 3450 5873 6606 10304 11517 11968 7405 8002 8579
10796 1722 12084 14319 2053 2381 10520 3516 9548 8238 8940 8295
1735 12178 5089 12998 14170 1742 6358 10692 2835 10297 11044 3199 10616 4550 12705 4598 10098 6709 9703 7038 9449 8033 8386
479 13557 13947 14950 14214 3097 1736 14007 14247 8731 9196 3218 9179 12138 4938 13193 5192 5255 6672 6693 12139 11090 7529 10970 11347 9945 9527 10300 10923
155 11433 12946 14686 965 694 12124 1180 1313 3508 3571 3794 6036 10966 10201
1746 13621 14835 14891 1862 1969 2238 12521 9513 11849 3786 13346 9158 12562 8186 8242 10976
1770 5023 6860 10011
10844 7066 1832 8498 13268 13857 2358 9716 3075 5029 7728 11953 5297 9605 7197
308 7028 11249 13184 9933 521 4607 738 7580 10112 1838 8575 10611 2156 6711 5175 8054
1840 11076 13530 13600 12216 3470 3751 3634 6009 11653 10736 6994 4018 9757 8730 6033 8879 6549 10806
376 12883 13147 14448 11498 536 5163 13958 14414 963 10753 13282 1111 1856 10948 11701 1941 10987 2073 9400 2229 10259 3954 4140 12080 5095 11215 5186 12991 6340 6658 6716 8419
11604 2851 656 12466 13681 13823 5874 14171 837 10082 11612 12658 13833 6183 1081 14093 1184 8254 11049 13494 11423 1377 13605 9238 1598 13653 1858 13978 4194 2209 9431 11419 2372 10876 2404 5085 11505 3264 9268 4724 10457 13459 4793 7487 4853 5107 10292 5376 6562 5641 5824 11353 6441 11857 6898 6937 7722
9941 1877 11769 12961 3136 4568 8004 5552 6538
13255 12153 1887 14146 3425 4542 5283 7756 6768 8110 9247 7384
11519 9239 1466 13560 14305 14362 1703 13979 14487 14571 1850 12790 2092 2142 2593 4443 3499 7924 9645 3716 9309 4435 9995 8141 5784 12331 6786 9658 9825 8860 9477 10836 10195
15 11736 12664 14012 14138 1502 7318 1907 12759 13695 2958 4267 4935 5530 5679 6213 7112 7894 10369 10002
1919 8804 11971 12088 4037 5269
1920 3163 3990 5075 10380 2140 4036 2180 5288
253 6293 12638 13324 1933 9209 12855 12918 2374 3327 8329 2755 3738 9032 8070 5535 9057 8852
60 14103 14125 14875 14949 2587 369 12841 670 14167 868 14119 1568 1949 13278 14123 2070 3931 2402 2428 2711 2825 3196 3360 3586 4072 4615 8974 5370 5457 5964 12293 12837 11942 6839 9679 11418
1965 4316 7461 8569 9937 5756
9853 2007 9121 11528 13169 14063 5263 6359 2970 10317 3067 11158 4155 8201 10535 5973 5473 6148 10023 7250 7620
14732 2014 10330 14669 2578 9803 3549 10311 3724 10466 6723 7402
2026 10892 11689 13146 13292 2083 5978 10971
12891 1307 8256 14608 3152 1959 11259 2034 7468 2904 8616 4258 5739 6519
11277 6594 11095 12966 8172 1589 2943 3031 2071 7060 11477 13723 6319 2338 6042 2818 7198 2974 3454 11299 3477 8095 3857 5775 9088 10610
9217 11837 3442 6587 8271 13056 4682 9194 4699 4970 6956 5384 6458
7475 2147 11895 13008 13584 14074 5853 8671 2710 3515 3668 7802 4289 5869 5943 6378 9058 7522
106 8766 12074 13597 14497 1092 11220 12071 12652 2216 13420 13639 10942 2884 3382 13917 6901 5425 6927 7403 11430 7551 7820 8673
3558 2218 10157 10568 10720 2528 9233 3700 5938
12970 2215 6157 11853 2220 7452 8507 2623 4829 13205 3676 8776 8868 3845 4532 6961 4402 5280 7908 7383 8715
14687 2221 2844 4605 10818
2223 4041 12465 13305 2696 6976 9530 10757 11594 9612 4570 4425 4445 9806 5651 8138 7466 8796
400 11193 13944 14645 11194 8216 1291 1397 13980 14207 5118 1653 7936 13568 1942 8106 2248 6143 13595 13907 2323 7808 13569 2858 3010 3020 9398 3619 3601 9496 4111 13776 4332 4539 4773 11737 4808 4837 5653 4851 4958 9760 5768 5802 5930 6629 7621 8591 8811
9225 587 11278 12414 13908 1357 2376 13167 10774 2013 12361 13091 2259 12854 12230 2371 10735 6200 3146 5051 5086 12028 5330 9964 11059 5353 6894 12409 7902 8122 8601
13504 2274 13873 14668 2798 10613 9017 5303 11391 5597 11984 9929 6480 6856 6977 7775 8985
13259 2300 13095 13143 9392 8613 4422 10065 5026 5301 11272 10001 9837 11961 10805
627 8345 12258 14557 9232 12745 6879 2117 12378 2304 12713 2724 6258 11260 3009 4378 8774 5504 8119 8551
192 2023 7496 14737 354 2928 4481 637 9734 3538 2320 10196 11564 6190 3032 11176 3711 3896 7047 7328 4437 5534
14153 273 11783 12259 14457 2139 12511 10046 2330 12649 12769 2826 4911 10585 8913 3109 3290 12104 3968 7906 12031 6557 10283 6734 8091 8605
4 13114 14044 14311 167 13750 13754 13787 832 6522 2756 2293 5543 14131 2345 7291 12253 13919 14187 12264 3039 7656 6617 12359 6804 3635 3784 4077 5251 4827 12824 5528 9647 5921 6330 11593 7354 7533 9823 7190 10997 7628 7890
2369 8156 9904 11536 12580 3221 4312 3647 8711 9047 3982 5738 8244
2377 13063 14380 2532 9560 10332 5174 7238 7991 8473 9588 7980
11841 11271 2388 11223 12033 3331 11950 10524 11229 6712 7752 7307 9800 8970
2419 9133 9561 11828 2792 4588 5042 5173
13032 2482 12861 13290 14272 2796 3566 4277 12006 5277 6404 8198 9643 10390 10562
279 10856 13028 14105 338 6063 13829 375 11152 12777 659 3007 6870 11913 966 9062 2487 11481 13298 3846 3307 9164 3550 5138 8933 3602 4247 7538 4270 9711 4589 6132 7180 7790 6789 8006 9130
7682 2510 10696 10972 11798 3108 4405 10812 6363 10840 10835 8550 9417
2537 10099 10166 10609 4313 7526 6924
1041 11222 13111 13622 13226 8956 1897 12392 2557 7781 11744 7288 3532 10382 4668 5890 4673 5411 10597 6978 9533 10403 8443
1246 2579 9369 10125 1803 4896 7224
119 13755 13810 14674 11973 14346 724 8640 14092 1753 1782 13945 11183 2589 13096 2740 13871 3402 3455 4022 4063 4254 6520 9132 5143 5526 6356 6486 7300 10707
2615 10175 10837 13450 2837 2894 3087 7792 3296 3400 9019 7221
429 11039 11665 14028 14361 1566 996 1175 8654 12867 7742 7800 1957 10666 2049 7456 10599 2165 2340 6139 2620 9127 3826 8881 3955 4936 4939 5182 6784 5777 8365 6981
3168 346 12615 13023 14104 442 12629 13375 7102 7879 2646 12159 12920 2662 9046 3253 3853 4407 10897 9799
10607 1561 6138 14734 2703 10847 12344 8992 4637 7148 8512 5579 8248 6499 7472 9549
9327 1166 5574 5710 12931 4348 7361 5776 2729 8656 11408 2812 6698 8876 3432 10600 3469 9487 6510 8630 6543 8411
12143 1439 2692 9269 9663 1687 5663 8108 2782 8052 8831 9558 8406 6414 6645
5604 14851 1025 14723 5854 8030 2799 8184 14463 2913 2952 13082 3511 10940 4873 10417 5396 11671 6266 6642 11243 12881 7453 7665 11892 9797 8962 9379
14145 104 12917 12938 610 13325 11991 2630 2823 12346 4848 5455 6216 8049 9631 9696 11290 10006
14671 13618 2893 13485 11789 3053 3473 12656 4375 12192 4825 11955 5259 7050 5559 6848 7279 9479
2992 8789 11605 11910 12439 4367 8603
14810 3044 13476 14126 6072 5932 12596 11938
3063 13895 14182 14499 5557 10373 9466 8765
1031 3941 6811 7605 11393 12096 2334 8259 11657 3176 5399 8718 13328 3261 8971 4968 5656 5748 8114 6278 9439
11522 6122 948 11302 12435 13894 1820 8024 10703 3245 7010 10153 8505 4546 11696 4634 4975 7448 9388 6237 8372
14974 394 12077 13037 784 11440 12803 1156 11645 2422 12994 3281 12103 4164 11040 5125 6735 6950 10179
12296 13913 13800 2416 3308 12235 3856 11233 5916 6831 7184 7749 8023
2981 9403 13756 11907 8266 13162 1620 12387 13379 14161 2733 13015 11686 8878 11174 10679 13483 6184 12951 6518 7316 7918 7687 12785 9420
212 14430 14969 14988 14837 14913 14225 14993 1529 6115 14532 9693 2327 12370 2993 14398 9180 4322 6809 4440 7160 4932 11524 7555 11874 5894 14462 6031 6203 14210 6882 11026 9184 9809 8274 9537 13556
7477 14492 539 4534 14191 14800 687 13123 14708 13493 975 7688 983 13149 1157 1316 9176 4899 1533 2021 6838 12624 2154 2444 2319 7012 9761 2654 2714 7952 2788 2984 3029 3370 9966 3850 11743 13671 4860 8457 5697 6469 11723 7576 10822 10207
6815 14853 10853 2520 10397 11018 14244 3673 10180 3810 8014 10628 10758 4187 4701 12882 13150 6364 6636 9472 6864 8514 9794 10739
519 6930 13822 14907 11412 13777 10527 1744 7854 14348 13850 1998 14236 2031 2133 4663 2384 7646 11756 11834 2524 3412 5882 7898 2544 2616 7738 8484 6108 3297 11034 12083 3732 7182 10729 3816 6173 12454 12574 9434 6666 8629 11096 6731 8294 10008 9704 10131
852 5291 5442 12710 3475 4545 6244 7309 3851 9687 4978 8600 5172 5515 5721
14394 13236 12575 1299 14070 2297 4106 11093 3593 3599 13301 4016 6284 6432 9570 7825 7408 10784 7424 8541 9161 11812 9299
118 13175 13284 14680 287 7459 13208 328 10817 332 8079 11861 586 5630 12648 6569 12247 3309 2079 4198 6116 12279 11269 2502 9930 14185 5226 2768 11705 2898 3000 6210 12401 3615 6635 10146 8824 4412 8590 4940 11903 5341 5806 8231 6345 6470 10983 8578 9492
12199 9827 3622 4311 8126 5093 5645
3665 8596 9706 12507 5447 6756 5500
10727 255 6272 12866 14301 5901 788 7583 8270 10644 1124 8149 12447 1516 13094 13952 1625 12984 13108 1843 8068 13554 2742 13125 3357 10045 3398 3697 10329 4048 9902 8960 4687 8979 5420 12832 10012 10965 6846 8522 12185 7339
13294 1766 2681 13465 4751 2840 7421 11355 3587 7697 3713 9578 6420 7889 6111 5963 9319 8572
381 14192 14937 2076 1358 9848 12957 1471 14202 2198 2483 3030 13660 13360 4197 4360 8993 6013 10737 6426 7639 7930 8622 9445 10775
293 7657 8869 13218 11020 3041 3984 3624 8502 3905 7090 9541 3909 6720
13672 602 7111 8402 10084 14048 761 6741 11944 898 1318 12013 4749 12011 12796 1846 12402 1902 2101 7771 8699 12385 2723 5070 8487 3388 4456 11529 8436 4362 11088 5903 5920 9575 9829 9418
9678 5068 3940 11197 11361 11452 14069 4235 4587 7041 6381 7207 6972 7257 5788 5935 7266
393 13793 14072 14885 1106 14222 14304 14910 1392 12801 13518 2012 2236 12947 2253 2314 2921 12995 11818 4030 4123 4204 4563 4779 8121 6514 6650 10513 10246 7442 7523 7651 10873 12134
14363 9481 1639 5244 12299 13804 4045 4490 7855 7251
14245 12100 477 11002 13797 14258 1062 10288 10862 13312 11509 3712 2829 10886 13368 9448 4054 13168 10804 4643 10814 6710 5348 5542 12950 5990 6418 13011 6679 9101
14500 1671 14220 14866 3001 4089 10447 6633 10169 6739 8016
12894 9462 743 11545 13923 14321 2548 9563 11162 3495 12057 3536 10161 3662 4112 10711 5494 9522 7150 10943
367 8107 11518 11527 9286 4130 10092 10792 4470 9304
10367 1261 5771 7811 11350 1677 8753 10434 2286 5525 3224 9991 4609 8235
76 13596 14367 14699 286 1490 4181 1792 13734 2028 2124 2357 11238 12512 4288 4665 11729 8698 7525 7562 9475 8260
14189 10602 288 14817 14846 702 8667 12501 972 9069 9094 1599 11582 11930 4157 3178 2131 6497 2283 2546 3095 5404 2570 3219 11033 2680 3318 13152 5412 6845 4252 3628 11683 7306 9120 13445 5207 5369 9641 5730 5811 7638 9657 8823 6909 7036 7189 7225 7492 9243 8710
14965 4253 8173 9924
170 6749 7003 8927 11465 14342 2394 2749 10815 11890 12616 2448 11646 13244 2463 12145 5219 5055 3194 7673 12257 10456 3533 3661 3891 8001 4317 6612 7105 6107 10452 6149 7131 7236 8837
716 13405 13853 14717 10388 2318 3554 3585 3656 4320 11870 5923 6703 10890 7570 9134 10515
14958 4321 6313 10490 13098 7390
4447 10412 7666 10172 10530 6694 5170
210 12778 14445 14749 387 6379 13633 1226 12268 1370 7913 2986 13553 14261 3316 3350 13171 3542 12043 3556 4700 4450 11716 10798 11312 11475 4771 9401 5584 6247 7686 10603 7569 9474 9095
183 4472 8296 4909 5931
1236 8704 13064 13245 2803 12472 3873 7893 9331 9093 5355 7528 5462 6018 6372 7370
198 14807 14923 14934 10880 12640 14435 9805 12784 1398 13773 2032 11376 14389 2326 11609 2355 3653 13512 3848 3914 12066 4494 13815 9407 11377 5609 7488 7763 5688 5787 6268 6450 11998 6506 7132 11929 7736 7937 9949
13519 10413 14518 1074 14874 1206 12041 4527 12399 5819 6474 8021 10555
1281 10480 10980 11506 9313 7323 10432 8911
11291 12150 14921 8735 3017 1859 13889 2559 13688 4650 10436 12735 4919 8787 5343 9255 5514 6011 7974 9590 9485
527 4613 10242 11179 2129 9721 11557 2670 3061 8025 13136 3513 3650 10790 4427 9276 4659 8051 5960 8446
12668 971 1195 4739 8790 11940 7776 2828 8964 9111 4948 7896 5153 9536 6828
257 12610 13863 14078 589 11110 12932 1480 8370 1550 4897 3013 3101 8906 4764 7652 11380 12678 4871 5760 7205 10400
14615 9270 12530 3446 12326 4789
383 12019 14268 8896 1484 4908 9126 10404 2822 7170 8903 10883 12972 5362 7822 6648 7441
756 14540 14849 14933 1003 1676 1780 12102 2880 11666 3377 10756 3423 6124 7059 4942 5140 13022 6563 6021 10068 6487 9882 6604 8132 6613 9927 6662 7967 8208
2035 8257 12186 12644 2360 11094 11228 12162 2758 8571 11838 4977 10663 5091 5723 8445 6445 6464
7740 1407 10354 12181 12455 2861 5048 9443 7058
776 9642 12627 13963 1201 13154 5109 1854 9320 2731 3760 4281 10357 11613 10450 6929 5228 10955 9731 5911 6873 6730 8682
147 11894 11975 12175 14390 1659 11954 9293 3829 11490 4857 11437 6451 9147 6568
11157 1547 11779 13474 13513 7269 5224 9822 6887 7703 8174
4499 320 14916 14987 322 14575 12839 806 9511 13081 1108 4088 12645 13534 1245 13352 1257 11503 13460 12113 1458 12484 1806 9974 3190 7006 3207 13376 4979 3655 13400 3768 3893 4419 12714 4128 12158 4342 4574 7216 5045 8185 5231 5428 5984 8243 6071 6417 6195 6425 6537
769 11464 12000 13314 1302 5389
142 8026 8795 9606 189 4087 14872 10763 2171 818 5407 14980 1208 11067 14106 1413 7393 14977 1643 1994 11637 12352 2017 8733 11426 8321 7001 12060 8385 2531 13682 2573 2575 6830 2601 3040 3111 4714 3133 8363 3289 3295 8153 3501 3567 3640 12443 3933 8788 3957 3959 3969 6490 7360 5184 5331 10155 7428 7432 7584 8898
138 10691 14279 14568 2430 9671 10454 2530 11663 2599 11375 2977 3065 12307 4756 10107 5403 5914 5684 8211 5720
6960 8679 507 5289 13316 14793 647 10200 11244 14770 1069 5054 8664 1331 9358 10328 12079 1475 12212 8192 3555 10958 3595 6279 5116 10379 4218 8227 13264 4767 9509 7753 5541 10687 10850 6532 6832 5979 9200 12300 6180 8627 11070 6446 7995 7385 7413 10005
7 4533 12325 13357 13433 1610 2183 12053 5152 5196 11199 3486 8426 5798 4491 4521 8973 5275 7923
238 13872 14013 14729 11341 11906 1816 2033 2137 13202 3399 13656 4251 12804 5397 12457 6050 9467
433 10015 11252 12545 13767 790 1661 1913 3514 6094 7875
9491 8563 1678 6292 10643 12887 2435 11357 13426 2659 3817 9273 2689 3956 4031 5868 6133 7495 6717
356 13248 13438 13449 14529 12579 2166 9777 3279 13543 3509 4667 8279 11225 6312 8785 6564 10482 7592 7907 9596
13598 10445 13522 1512 12110 13673 1817 6775 3216 3572 12509 6891 5106 6492 12428 8237 8994 9297
622 10778 11684 13708 1603 3791 3658 6680 3973 6651 6727 8427 7899
9883 486 10762 14521 2697 9754 6597 9814 7168 8478 8991
9229 1382 13344 14646 2169 7876 9852 4032 7214 4828 8659 4910 10063 8092
390 11208 14149 14277 9084 8846 1104 4369 12375 2873 3431 7947 5588 5634 7481 6619 7490 7642 8154
669 9043 11969 13297 1586 8381 3227 9110 11424 3385 6933 8413 3638 4184 5317 8722 7531 8462
537 13818 14248 14431 6341 829 2947 3506 12660 4074 13030 11226 4282 4509 4927 5338 5917 7540 12241 8794
886 12871 13128 14366 1670 9237 11530 12945 10799 3485 4105 4597 10810 11644 8530 6726 7560 12034 7016 10538 7627
17 10723 14086 14456 13387 423 5201 14727 786 12568 1155 2052 10280 2684 2645 7741 4995 3999 4799 10503 6762 10981 12169 5185 12923 5661 6137 5999 8872 6524 9525 8090 11387 7568 11974 8568
649 12425 13977 14008 14434 774 1145 13311 1364 1884 2121 2235 3560 3847 10863 4424 10724 7359 7831 10451 11600 8394 9214
13256 208 12740 13544 14270 7971 1198 5084 2301 10546 9635 3610 11449 4373 12572 9987 5190 11236 6389 11921 9227
8756 97 7929 9812 12390 230 11754 11916 12219 883 7429 3019 6697 10731 7467 8077
7353 12547 10231 13414 2652 10913 13195 14002 3141 10120 3443 11970 4154 5503 5583 5883 7464 8064 8082
678 14257 14292 680 13257 11563 2569 3104 10625 5220 6816 6571 7332 8428
13646 13794 5516 1528 10475 14255 2859 3151 3090 3162 12164 3280 7922 7263 4341 11239 11374 5795 8163 7925 8453 9338 8716
14915 12595 1200 12992 13616 9397 8538 10831 8685 9000 10474
405 9648 10407 13654 9616 1242 6128 13591 1519 6422 11607 2811 4937 10428 2941 3800 12347 4174 4335 11125 11279 11461 8905
691 9607 12167 12377 3027 11695 12069 3413 10786 3912 4104 6719 8638
13495 13996 2614 12451 3842 12137 12763 3911 4651 7483 5110 7020 9355 10548
13959 487 14385 14572 1126 1390 1527 2843 3106 3667 10264 12611 9436 11265 11395 9702
1 11343 12617 14109 407 9659 12522 12549 2461 2876 10425 2889 7178 3734 6548 11676 6419 9463 9519 7055 9851
14073 329 14256 14298 9739 14141 10430 11102 2576 14083 2806 3945 4513 4745 5046 5323 5386 7543 13364 10969 9349 9763 11748
10860 458 14672 14959 14990 1063 1631 14402 7398 14020 3021 11659 3494 4233 13937 13444 5907 6535 11634 9204 9557 12808 10211 11154
218 14206 14349 14643 775 1953 1851 1893 2256 8506 3630 4139 14163 4441 6951 11807 5570 6554 12742 8179 10174
31 14252 14617 14809 80 1315 1822 4034 13101 4070 10221 7702 5099 6622 10375 13036 6969 8527 8800 10260 10402
130 13545 14021 14175 14536 7045 968 2214 2969 3244 10281 4680 11473 5479 6135 5949 6396 12440 11541 11926
121 14000 14373 14549 227 454 14039 10852 14035 1197 1674 2110 2804 2852 5639 11513 6990 8072 10296 11680 11024 12706 10795
1823 13918 14286 14970 1886 10558 2305 2547 2888 4944 13241 5129 5142 6096 11296 7032 10322
29 14501 14679 14995 569 14520 923 999 1027 1794 2019 11844 13427 3694 10526 4214 4432 7767 6903 13416 8738 12747 10623 12737 12558 12495 11777
231 14556 14808 14862 12988 621 13971 1424 2164 2870 3898 9413 4406 4864 5695 5737 6733 11283 10967 9484 11205